Reference frame: Origins (Ox, Oy, Oz) followed by the direction cosines of the
                 X- (Xx, Yx, Zx), Y- (Yx, Yx, Yx), and Z- (Zx, Zx, Zx) axes
*****************************************************************************************
Local base-pair reference frames
                Ox      Oy      Oz     Xx    Xy    Xz   Yx    Yy    Yz    Zx    Zy    Zz
   1 G-C      28.16  -13.78    7.93 -0.50 -0.85 -0.15 -0.63  0.24  0.74 -0.60  0.46 -0.66
   2 A-T      26.13  -12.10    6.20 -0.74 -0.55  0.39 -0.20  0.73  0.65 -0.65  0.40 -0.65
   3 A-T      24.66  -10.24    3.91 -0.63 -0.07  0.77  0.28  0.91  0.31 -0.72  0.41 -0.55
   4 T-A      21.50   -9.99    2.47 -0.26  0.33  0.91  0.52  0.84 -0.15 -0.81  0.43 -0.39
   5 T-A      18.49   -9.01    2.58  0.17  0.61  0.77  0.45  0.65 -0.61 -0.88  0.45 -0.16
   6 G-C      16.25   -7.35    2.73  0.55  0.78  0.31  0.24  0.21 -0.95 -0.80  0.59 -0.07
   7 T-A      13.20   -6.31    2.97  0.48  0.80 -0.36 -0.14 -0.33 -0.93 -0.87  0.50 -0.05
   8 G-C      10.77   -4.12    3.21  0.28  0.54 -0.80 -0.41 -0.68 -0.60 -0.87  0.50  0.03
   9 A-T       8.02   -2.71    2.81  0.00 -0.02 -1.00 -0.52 -0.85  0.01 -0.85  0.52 -0.01
  10 G-C       5.61   -0.88    1.16 -0.12 -0.52 -0.84 -0.45 -0.73  0.51 -0.88  0.44 -0.15
  11 C-G       3.20    1.52    0.92 -0.18 -0.93 -0.33 -0.33 -0.26  0.91 -0.92  0.28 -0.26
  12 G-C      -0.14    1.05    0.60  0.28 -0.96  0.09 -0.31 -0.00  0.95 -0.91 -0.30 -0.29
  13 G-C      -2.97   -0.23    0.21  0.21 -0.69  0.69 -0.43  0.57  0.70 -0.88 -0.44 -0.18
  14 A-T      -5.52   -1.67   -1.17 -0.04 -0.19  0.98 -0.50  0.85  0.14 -0.86 -0.49 -0.13
  15 T-A      -8.08   -4.07   -0.88 -0.32  0.30  0.90 -0.42  0.81 -0.42 -0.85 -0.51 -0.13
  16 A-T     -10.48   -6.09   -1.52 -0.50  0.71  0.50 -0.16  0.49 -0.85 -0.85 -0.51 -0.13
  17 A-T     -13.45   -7.41   -1.24 -0.45  0.89 -0.06  0.18  0.03 -0.98 -0.88 -0.45 -0.17
  18 C-G     -16.92   -7.94   -1.44 -0.28  0.72 -0.64  0.42 -0.50 -0.76 -0.86 -0.48 -0.16
  19 A-T     -19.81   -9.75   -0.66 -0.08  0.33 -0.94  0.52 -0.79 -0.32 -0.85 -0.51 -0.11
  20 A-T     -22.93  -11.22    0.24  0.17 -0.15 -0.97  0.54 -0.81  0.22 -0.82 -0.56 -0.06
  21 T-A     -26.00  -12.85   -0.84  0.43 -0.54 -0.72  0.36 -0.63  0.69 -0.83 -0.55 -0.08
  22 T-A     -28.15  -15.17   -1.44  0.60 -0.79 -0.15 -0.03 -0.21  0.98 -0.80 -0.58 -0.15
  23 T-A     -30.35  -17.19   -2.28  0.55 -0.71  0.45 -0.42  0.23  0.88 -0.72 -0.67 -0.17
*****************************************************************************************
Local middle reference frames
                Ox      Oy      Oz     Xx    Xy    Xz   Yx    Yy    Yz    Zx    Zy    Zz
   1 GA/TC    27.15  -12.94    7.07 -0.65 -0.74  0.13 -0.43  0.51  0.75 -0.62  0.43 -0.65
   2 AA/TT    25.39  -11.17    5.06 -0.72 -0.32  0.61  0.06  0.85  0.52 -0.69  0.41 -0.60
   3 AT/AT    23.08  -10.11    3.19 -0.46  0.13  0.88  0.44  0.89  0.09 -0.77  0.43 -0.47
   4 TT/AA    19.99   -9.50    2.52 -0.04  0.48  0.88  0.52  0.76 -0.39 -0.85  0.44 -0.28
   5 TG/CA    17.37   -8.18    2.66  0.38  0.73  0.57  0.38  0.43 -0.81 -0.84  0.52 -0.12
   6 GT/AC    14.72   -6.83    2.85  0.55  0.84 -0.02  0.04 -0.05 -1.00 -0.83  0.55 -0.06
   7 TG/CA    11.98   -5.22    3.09  0.40  0.69 -0.60 -0.29 -0.52 -0.80 -0.87  0.50 -0.01
   8 GA/TC     9.39   -3.42    3.01  0.15  0.27 -0.95 -0.49 -0.82 -0.31 -0.86  0.51  0.01
   9 AG/CT     6.81   -1.80    1.98 -0.07 -0.28 -0.96 -0.49 -0.83  0.27 -0.87  0.49 -0.08
  10 GC/GC     4.40    0.32    1.04 -0.16 -0.77 -0.62 -0.39 -0.53  0.76 -0.91  0.36 -0.21
  11 CG/CG     1.53    1.29    0.76  0.05 -0.99 -0.12 -0.29 -0.13  0.95 -0.96 -0.01 -0.29
  12 GG/CC    -1.56    0.41    0.40  0.25 -0.88  0.41 -0.36  0.31  0.88 -0.90 -0.37 -0.24
  13 GA/TC    -4.25   -0.95   -0.48  0.09 -0.46  0.88 -0.48  0.75  0.45 -0.87 -0.46 -0.15
  14 AT/AT    -6.80   -2.87   -1.02 -0.18  0.06  0.98 -0.48  0.86 -0.14 -0.86 -0.50 -0.13
  15 TA/TA    -9.28   -5.08   -1.20 -0.43  0.53  0.73 -0.30  0.68 -0.67 -0.85 -0.51 -0.13
  16 AA/TT   -11.97   -6.75   -1.38 -0.50  0.83  0.23  0.02  0.28 -0.96 -0.87 -0.48 -0.15
  17 AC/GT   -15.19   -7.67   -1.34 -0.38  0.85 -0.36  0.31 -0.25 -0.92 -0.87 -0.46 -0.17
  18 CA/TG   -18.36   -8.84   -1.05 -0.18  0.55 -0.82  0.48 -0.68 -0.56 -0.86 -0.50 -0.14
  19 AA/TT   -21.37  -10.48   -0.21  0.04  0.09 -0.99  0.54 -0.84 -0.05 -0.84 -0.54 -0.09
  20 AT/AT   -24.46  -12.03   -0.30  0.32 -0.36 -0.88  0.47 -0.75  0.47 -0.83 -0.56 -0.07
  21 TT/AA   -27.07  -14.01   -1.14  0.55 -0.70 -0.46  0.18 -0.44  0.88 -0.82 -0.57 -0.12
  22 TT/AA   -29.25  -16.18   -1.86  0.61 -0.78  0.15 -0.22  0.02  0.98 -0.76 -0.63 -0.16
*****************************************************************************************
Local middle helical reference frames
                Ox      Oy      Oz     Xx    Xy    Xz   Yx    Yy    Yz    Zx    Zy    Zz
   1 GA/TC    27.29  -12.96    6.88 -0.65 -0.75  0.13 -0.36  0.46  0.82 -0.67  0.48 -0.56
   2 AA/TT    24.97  -12.04    4.63 -0.78 -0.28  0.56  0.17  0.77  0.62 -0.60  0.57 -0.55
   3 AT/AT    21.54   -9.37    6.69 -0.45  0.13  0.88  0.66  0.71  0.24 -0.60  0.69 -0.41
   4 TT/AA    20.54   -8.19    5.64  0.11  0.35  0.93  0.80  0.52 -0.30 -0.59  0.78 -0.22
   5 TG/CA    18.43   -6.77    2.96  0.36  0.75  0.56  0.61  0.27 -0.74 -0.70  0.61 -0.36
   6 GT/AC    14.76   -7.00    4.11  0.57  0.82 -0.03 -0.10  0.04 -0.99 -0.81  0.57  0.10
   7 TG/CA    12.25   -4.87    2.66  0.49  0.63 -0.60 -0.36 -0.48 -0.80 -0.79  0.61 -0.00
   8 GA/TC     9.20   -3.79    3.02  0.17  0.26 -0.95 -0.43 -0.85 -0.31 -0.89  0.46 -0.04
   9 AG/CT     5.87   -4.91   -0.09 -0.13 -0.25 -0.96 -0.22 -0.94  0.28 -0.97  0.25  0.07
  10 GC/GC     4.19   -0.15   -1.59 -0.19 -0.76 -0.62 -0.10 -0.62  0.78 -0.98  0.21  0.04
  11 CG/CG     2.09   -2.78    0.96 -0.03 -0.99 -0.10  0.74 -0.09  0.66 -0.67 -0.06  0.74
  12 GG/CC    -1.48   -0.02    1.31  0.19 -0.90  0.40 -0.11  0.39  0.91 -0.98 -0.22 -0.03
  13 GA/TC    -3.59   -2.55   -0.03  0.12 -0.45  0.89 -0.39  0.80  0.46 -0.91 -0.40 -0.08
  14 AT/AT    -7.40   -2.07    0.26 -0.15  0.08  0.99 -0.49  0.86 -0.14 -0.86 -0.50 -0.09
  15 TA/TA    -9.18   -5.44   -0.43 -0.43  0.52  0.73 -0.31  0.68 -0.67 -0.85 -0.51 -0.13
  16 AA/TT   -12.74   -5.16   -2.15 -0.57  0.79  0.21  0.09  0.32 -0.94 -0.82 -0.52 -0.25
  17 AC/GT   -15.14   -7.32   -3.00 -0.38  0.85 -0.36  0.27 -0.28 -0.92 -0.88 -0.45 -0.12
  18 CA/TG   -19.18   -7.21   -0.28 -0.19  0.54 -0.82  0.38 -0.73 -0.57 -0.90 -0.42 -0.07
  19 AA/TT   -22.05   -9.15   -0.41 -0.04  0.05 -1.00  0.45 -0.89 -0.06 -0.89 -0.46  0.01
  20 AT/AT   -23.55  -13.11   -1.26  0.35 -0.33 -0.88  0.49 -0.73  0.47 -0.80 -0.60 -0.09
  21 TT/AA   -26.73  -14.47   -0.58  0.60 -0.66 -0.46  0.25 -0.39  0.89 -0.76 -0.64 -0.06
  22 TT/AA   -28.28  -17.28   -1.74  0.65 -0.74  0.16 -0.08  0.14  0.99 -0.75 -0.66  0.03
*****************************************************************************************
Local strand I base reference frames
                Ox      Oy      Oz     Xx    Xy    Xz   Yx    Yy    Yz    Zx    Zy    Zz
   1 G        28.23  -13.70    7.83 -0.48 -0.86 -0.14 -0.64  0.23  0.74 -0.60  0.45 -0.66
   2 A        25.96  -12.19    6.20 -0.76 -0.54  0.36 -0.23  0.74  0.64 -0.61  0.40 -0.68
   3 A        24.59  -10.25    3.92 -0.65 -0.10  0.75  0.25  0.91  0.34 -0.72  0.41 -0.56
   4 T        21.42   -9.99    2.49 -0.29  0.30  0.91  0.53  0.84 -0.11 -0.80  0.45 -0.40
   5 T        18.48   -9.00    2.72  0.15  0.60  0.79  0.46  0.66 -0.59 -0.87  0.45 -0.18
   6 G        16.10   -7.47    2.70  0.53  0.80  0.29  0.24  0.18 -0.95 -0.81  0.58 -0.10
   7 T        13.11   -6.40    3.04  0.47  0.84 -0.27 -0.08 -0.26 -0.96 -0.88  0.48 -0.06
   8 G        10.87   -4.09    3.21  0.31  0.56 -0.77 -0.39 -0.66 -0.64 -0.87  0.50  0.01
   9 A         8.08   -2.69    2.78  0.03  0.02 -1.00 -0.53 -0.85 -0.03 -0.85  0.53 -0.01
  10 G         5.61   -0.69    1.33 -0.16 -0.57 -0.81 -0.45 -0.69  0.57 -0.88  0.45 -0.15
  11 C         3.14    1.39    0.76 -0.17 -0.92 -0.35 -0.32 -0.28  0.90 -0.93  0.27 -0.25
  12 G        -0.27    1.44    0.44  0.24 -0.96  0.13 -0.30  0.06  0.95 -0.92 -0.27 -0.27
  13 G        -2.94   -0.18    0.06  0.21 -0.68  0.70 -0.43  0.58  0.69 -0.88 -0.45 -0.17
  14 A        -5.42   -1.72   -1.34  0.03 -0.27  0.96 -0.50  0.83  0.25 -0.86 -0.49 -0.11
  15 T        -8.03   -4.12   -0.92 -0.29  0.24  0.93 -0.45  0.82 -0.35 -0.85 -0.52 -0.13
  16 A       -10.42   -6.15   -1.48 -0.49  0.66  0.57 -0.20  0.56 -0.81 -0.85 -0.51 -0.14
  17 A       -13.52   -7.35   -1.16 -0.45  0.89 -0.02  0.15  0.05 -0.99 -0.88 -0.45 -0.16
  18 C       -17.00   -7.73   -1.54 -0.26  0.71 -0.66  0.43 -0.53 -0.73 -0.87 -0.47 -0.16
  19 A       -19.77   -9.65   -0.75 -0.07  0.37 -0.92  0.53 -0.77 -0.35 -0.85 -0.52 -0.14
  20 A       -23.01  -11.22    0.28  0.13 -0.10 -0.99  0.54 -0.83  0.15 -0.83 -0.55 -0.05
  21 T       -26.05  -12.82   -0.85  0.43 -0.52 -0.74  0.37 -0.64  0.67 -0.82 -0.56 -0.08
  22 T       -28.23  -15.07   -1.47  0.60 -0.78 -0.15 -0.02 -0.21  0.98 -0.80 -0.58 -0.14
  23 T       -30.28  -17.24   -2.33  0.55 -0.71  0.44 -0.42  0.22  0.88 -0.72 -0.67 -0.18
*****************************************************************************************
Local strand II base reference frames
                Ox      Oy      Oz     Xx    Xy    Xz   Yx    Yy    Yz    Zx    Zy    Zz
   1 C        28.09  -13.85    8.04 -0.52 -0.84 -0.15 -0.62  0.25  0.75 -0.59  0.48 -0.65
   2 T        26.29  -12.02    6.20 -0.71 -0.56  0.43 -0.17  0.73  0.67 -0.68  0.40 -0.61
   3 T        24.74  -10.24    3.90 -0.60 -0.04  0.80  0.32  0.91  0.28 -0.73  0.42 -0.54
   4 A        21.58   -9.99    2.44 -0.23  0.36  0.90  0.51  0.84 -0.20 -0.83  0.42 -0.38
   5 A        18.49   -9.02    2.44  0.19  0.63  0.76  0.43  0.64 -0.64 -0.88  0.45 -0.15
   6 C        16.40   -7.22    2.75  0.57  0.76  0.33  0.23  0.23 -0.94 -0.79  0.61 -0.04
   7 A        13.29   -6.22    2.90  0.48  0.76 -0.44 -0.20 -0.39 -0.90 -0.85  0.52 -0.04
   8 C        10.66   -4.16    3.21  0.25  0.51 -0.82 -0.43 -0.70 -0.57 -0.87  0.49  0.04
   9 T         7.95   -2.73    2.83 -0.03 -0.05 -1.00 -0.52 -0.85  0.06 -0.85  0.52 -0.01
  10 C         5.61   -1.07    0.99 -0.07 -0.47 -0.88 -0.46 -0.77  0.45 -0.89  0.43 -0.16
  11 G         3.25    1.66    1.09 -0.20 -0.93 -0.31 -0.35 -0.23  0.91 -0.92  0.29 -0.28
  12 C        -0.01    0.66    0.75  0.33 -0.94  0.05 -0.31 -0.06  0.95 -0.89 -0.32 -0.31
  13 C        -3.00   -0.29    0.36  0.20 -0.70  0.68 -0.43  0.56  0.71 -0.88 -0.44 -0.18
  14 T        -5.62   -1.62   -1.00 -0.10 -0.10  0.99 -0.49  0.87  0.04 -0.86 -0.48 -0.14
  15 A        -8.12   -4.01   -0.84 -0.34  0.36  0.87 -0.39  0.78 -0.48 -0.86 -0.50 -0.13
  16 T       -10.53   -6.04   -1.56 -0.51  0.75  0.43 -0.12  0.43 -0.90 -0.85 -0.50 -0.13
  17 T       -13.39   -7.46   -1.31 -0.44  0.90 -0.09  0.21  0.00 -0.98 -0.88 -0.45 -0.19
  18 G       -16.84   -8.14   -1.34 -0.30  0.73 -0.61  0.41 -0.48 -0.78 -0.86 -0.48 -0.16
  19 T       -19.84   -9.86   -0.56 -0.08  0.29 -0.95  0.51 -0.81 -0.29 -0.85 -0.51 -0.09
  20 T       -22.85  -11.22    0.20  0.22 -0.20 -0.95  0.53 -0.79  0.29 -0.82 -0.57 -0.06
  21 A       -25.94  -12.88   -0.83  0.44 -0.56 -0.70  0.34 -0.63  0.70 -0.83 -0.55 -0.09
  22 A       -28.06  -15.27   -1.40  0.59 -0.79 -0.15 -0.04 -0.21  0.98 -0.80 -0.57 -0.16
  23 A       -30.42  -17.15   -2.23  0.55 -0.70  0.45 -0.41  0.24  0.88 -0.73 -0.67 -0.15
****************************************************************************
Local strand I base step parameters
    step       Shift     Slide      Rise      Tilt      Roll     Twist
   1  G/A       0.17      0.61      3.11      2.04      2.15     38.05
   2  A/A      -0.94      0.42      3.13     -3.66      8.49     34.11
   3  A/T       0.35     -1.30      3.21     -1.75     10.74     30.89
   4  T/T       0.84     -0.91      2.86      6.84     11.21     29.63
   5  T/G       0.27     -0.27      2.80     -0.50      9.45     37.24
   6  G/T      -0.66     -0.58      3.07      2.46     -6.83     32.16
   7  T/G       0.65     -0.70      3.07      4.04     -1.15     34.77
   8  G/A       0.32      0.36      3.11      1.26      2.21     37.69
   9  A/G       0.99     -0.84      3.25     -2.00      8.62     36.83
  10  G/C      -0.83     -0.60      3.11     -2.32     12.31     31.30
  11  C/G      -0.13      0.59      3.37     -2.01     30.91     20.48
  12  G/G       0.61      0.05      3.09     -0.65     12.09     34.91
  13  G/A      -0.76     -0.64      3.08      0.78      4.34     29.81
  14  A/T       0.80     -0.78      3.39      1.57     -1.04     35.27
  15  T/A      -0.42     -0.31      3.14     -0.78     -0.24     33.81
  16  A/A       0.67     -0.63      3.21     -1.99      3.25     37.02
  17  A/C       1.14     -0.61      3.27     -0.96     -1.20     40.67
  18  C/A      -1.22     -0.51      3.20     -1.50     -2.56     26.75
  19  A/A      -1.32     -0.56      3.45     -1.77     -5.32     29.37
  20  A/T       0.65     -0.72      3.49      0.05      1.63     33.30
  21  T/T       0.64      0.02      3.13      2.11      3.15     38.75
  22  T/T       0.30     -0.43      3.06      3.42      6.30     34.45
          ~~~~~~~~~~~~~~~~~~~~~~~~~~~~~~~~~~~~~~~~~~~~~~~~~~~~~~~~~~~~
      ave.      0.10     -0.38      3.16      0.21      4.93     33.51
      s.d.      0.75      0.51      0.17      2.53      8.08      4.56
****************************************************************************
Local strand I base helical parameters
    step       X-disp    Y-disp   h-Rise     Incl.       Tip   h-Twist
   1  G/A       0.68     -0.01      3.15      3.28     -3.13     38.16
   2  A/A      -0.55      1.01      3.22     14.16      6.11     35.30
   3  A/T      -4.00     -0.89      2.60     19.43      3.16     32.71
   4  T/T      -3.33     -0.47      2.49     20.69    -12.63     32.35
   5  T/G      -1.41     -0.47      2.66     14.51      0.78     38.38
   6  G/T       0.09      1.57      3.07    -12.14     -4.36     32.95
   7  T/G      -0.99     -0.50      3.15     -1.92     -6.73     35.02
   8  G/A       0.29     -0.34      3.14      3.41     -1.95     37.77
   9  A/G      -2.35     -1.78      2.93     13.40      3.12     37.85
  10  G/C      -2.90      1.08      2.74     21.76      4.11     33.65
  11  C/G      -3.87     -0.11      2.39     57.19      3.72     36.99
  12  G/G      -1.48     -1.05      2.94     19.45      1.04     36.89
  13  G/A      -2.06      1.60      2.94      8.37     -1.51     30.13
  14  A/T      -1.12     -1.07      3.44     -1.71     -2.59     35.31
  15  T/A      -0.50      0.60      3.15     -0.41      1.34     33.82
  16  A/A      -1.41     -1.31      3.11      5.11      3.12     37.21
  17  A/C      -0.75     -1.75      3.26     -1.72      1.38     40.69
  18  C/A      -0.45      2.24      3.30     -5.52      3.24     26.91
  19  A/A       0.11      2.16      3.57    -10.36      3.45     29.89
  20  A/T      -1.54     -1.12      3.45      2.85     -0.08     33.34
  21  T/T      -0.33     -0.71      3.15      4.73     -3.16     38.93
  22  T/T      -1.58     -0.03      2.95     10.50     -5.70     35.17
          ~~~~~~~~~~~~~~~~~~~~~~~~~~~~~~~~~~~~~~~~~~~~~~~~~~~~~~~~~~~~
      ave.     -1.34     -0.06      3.04      8.41     -0.33     34.97
      s.d.      1.31      1.21      0.31     14.67      4.43      3.35
****************************************************************************
Local strand II base step parameters
    step       Shift     Slide      Rise      Tilt      Roll     Twist
   1  C/T      -0.45      0.26      3.12     -1.59      7.04     38.66
   2  T/T      -0.94      0.23      3.15     -2.91      4.34     37.73
   3  T/A       0.10     -1.27      3.25      2.32     10.44     30.52
   4  A/A       0.53     -0.84      3.08      5.98     12.35     27.60
   5  A/C       0.65     -0.24      2.69     -1.26     12.31     31.68
   6  C/A      -0.95     -0.22      3.12     -0.26     -6.39     44.93
   7  A/C       0.14     -0.52      3.31      2.64     -4.42     29.14
   8  C/T       0.38      0.26      3.05      0.83      3.17     38.14
   9  T/C       1.46     -0.74      3.00     -2.74      9.91     23.51
  10  C/G      -1.78     -0.48      3.10     -0.11     11.13     42.05
  11  G/C       0.82      0.83      3.22     -3.09     35.51     10.15
  12  C/C      -0.12      0.49      3.12     -4.52      8.59     39.43
  13  C/T      -0.80     -0.31      3.12      1.66      3.51     43.49
  14  T/A       0.40     -0.96      3.31      1.22      0.44     31.20
  15  A/T      -0.60     -0.12      3.18      0.22     -0.12     35.33
  16  T/T       0.26     -0.72      3.11     -4.02      2.95     31.38
  17  T/G       0.75     -0.89      3.32      0.73     -2.61     32.38
  18  G/T      -0.98     -0.68      3.33      0.94     -4.46     34.66
  19  T/T      -1.00     -0.49      3.20     -4.02     -1.34     33.61
  20  T/A       0.47     -0.70      3.56      2.23      0.46     28.20
  21  A/A       0.78      0.19      3.14      2.50      3.81     35.94
  22  A/A      -0.08     -0.35      3.11      0.90      6.78     34.91
          ~~~~~~~~~~~~~~~~~~~~~~~~~~~~~~~~~~~~~~~~~~~~~~~~~~~~~~~~~~~~
      ave.     -0.04     -0.33      3.16     -0.11      5.16     33.39
      s.d.      0.80      0.53      0.16      2.66      8.82      7.46
****************************************************************************
Local strand II base helical parameters
    step       X-disp    Y-disp   h-Rise     Incl.       Tip   h-Twist
   1  C/T      -0.43      0.48      3.13     10.52      2.38     39.31
   2  T/T      -0.19      1.08      3.22      6.68      4.47     38.08
   3  T/A      -4.01      0.21      2.68     19.12     -4.25     32.30
   4  A/A      -3.79      0.07      2.54     24.09    -11.66     30.76
   5  A/C      -2.01     -1.27      2.41     21.55      2.21     33.96
   6  C/A       0.25      1.21      3.13     -8.31      0.34     45.36
   7  A/C      -0.07      0.30      3.35     -8.70     -5.20     29.59
   8  C/T       0.02     -0.49      3.07      4.85     -1.26     38.27
   9  T/C      -4.05     -3.95      2.32     22.97      6.36     25.63
  10  C/G      -1.65      2.40      2.89     15.19      0.14     43.44
  11  G/C      -4.41     -1.79      1.62     74.33      6.47     37.02
  12  C/C      -0.23     -0.32      3.15     12.51      6.58     40.56
  13  C/T      -0.74      1.23      3.05      4.73     -2.23     43.65
  14  T/A      -1.86     -0.51      3.31      0.81     -2.26     31.22
  15  A/T      -0.18      1.02      3.17     -0.20     -0.36     35.34
  16  T/T      -1.82     -1.16      2.97      5.41      7.38     31.76
  17  T/G      -1.12     -1.21      3.40     -4.67     -1.31     32.49
  18  G/T      -0.45      1.77      3.36     -7.45     -1.56     34.94
  19  T/T      -0.63      1.07      3.31     -2.31      6.91     33.86
  20  T/A      -1.55     -0.39      3.58      0.94     -4.56     28.29
  21  A/A      -0.21     -0.91      3.19      6.15     -4.03     36.22
  22  A/A      -1.50      0.26      2.99     11.18     -1.49     35.55
          ~~~~~~~~~~~~~~~~~~~~~~~~~~~~~~~~~~~~~~~~~~~~~~~~~~~~~~~~~~~~
      ave.     -1.39     -0.04      2.99      9.52      0.14     35.35
      s.d.      1.46      1.39      0.44     17.57      4.85      5.10
****************************************************************************
xyz coordinates of C1' atoms

    bp        xI       yI       zI       xII      yII      zII
   1 G-C    26.007  -10.307   12.175   32.752  -13.124    4.397
   2 A-T    26.652   -6.932    8.755   28.922  -14.462    1.517
   3 A-T    27.516   -5.096    3.922   24.533  -15.014    0.421
   4 T-A    24.990   -6.202   -0.323   19.411  -15.360    1.300
   5 T-A    20.577   -6.962   -2.393   15.770  -14.007    3.998
   6 G-C    16.116   -8.450   -3.156   13.739  -10.350    7.068
   7 T-A    11.523   -9.890   -1.469   13.169   -5.960    8.811
   8 G-C     8.007   -9.054    1.685   12.385   -1.600    8.311
   9 A-T     5.211   -7.310    5.078   10.801    1.968    4.995
  10 G-C     3.621   -2.983    6.419    8.257    4.256    0.672
  11 C-G     1.844    2.068    6.552    5.632    5.185   -3.090
  12 G-C    -2.342    4.169    5.265    0.834    3.277   -4.511
  13 G-C    -5.828    4.604    2.067   -1.181   -1.619   -5.153
  14 A-T    -8.259    3.387   -2.337   -2.679   -6.018   -3.638
  15 T-A    -9.704   -0.311   -5.112   -5.210   -9.135   -0.382
  16 A-T   -10.303   -4.767   -7.236   -8.630  -10.181    2.218
  17 A-T   -11.605   -9.239   -6.426  -13.436   -9.666    4.168
  18 C-G   -14.039  -12.328   -3.910  -18.338   -7.380    4.360
  19 A-T   -16.767  -14.695   -0.345  -22.344   -6.204    3.356
  20 A-T   -20.415  -15.494    3.487  -26.255   -6.456    1.012
  21 T-A   -25.103  -14.958    4.565  -28.818   -8.147   -2.832
  22 T-A   -29.838  -14.211    4.139  -29.320  -12.154   -6.235
  23 T-A   -33.931  -14.319    1.280  -29.575  -16.729   -8.062
****************************************************************************
xyz coordinates of RN9/YN1 atoms

    bp        xI       yI       zI       xII      yII      zII
   1 G-C    25.969  -11.522   11.367   31.576  -13.891    4.848
   2 A-T    25.914   -8.183    8.614   27.964  -14.558    2.641
   3 A-T    26.538   -6.028    4.480   24.090  -14.269    1.620
   4 T-A    24.181   -6.585    0.850   19.577  -14.209    2.185
   5 T-A    20.380   -6.805   -0.942   16.329  -12.701    4.341
   6 G-C    16.531   -7.660   -2.001   14.612   -9.258    6.618
   7 T-A    12.136   -8.655   -0.941   13.553   -5.425    7.506
   8 G-C     8.701   -7.829    1.304   12.287   -1.633    6.851
   9 A-T     5.686   -6.546    3.925   10.321    1.174    3.850
  10 G-C     3.773   -3.080    4.972    7.769    3.017    0.055
  11 C-G     1.914    1.278    5.317    5.096    3.894   -2.662
  12 G-C    -1.903    2.945    4.605    0.971    2.136   -3.613
  13 G-C    -5.171    3.326    2.316   -1.328   -1.941   -3.728
  14 A-T    -7.744    2.345   -1.451   -3.259   -5.395   -2.431
  15 T-A    -9.677   -0.729   -3.695   -5.936   -8.019    0.224
  16 A-T   -10.691   -4.493   -5.852   -9.346   -8.925    1.923
  17 A-T   -12.270   -8.251   -5.581  -13.769   -8.611    3.207
  18 C-G   -14.723  -11.035   -4.024  -18.328   -6.910    2.978
  19 A-T   -17.300  -13.595   -1.141  -22.035   -6.592    1.967
  20 A-T   -20.738  -14.822    2.229  -25.525   -7.379    0.115
  21 T-A   -24.909  -15.049    3.105  -28.018   -9.343   -3.089
  22 T-A   -29.087  -14.991    3.128  -28.652  -13.283   -5.593
  23 T-A   -32.893  -15.349    1.066  -29.283  -17.340   -6.770
****************************************************************************
xyz coordinates of RC8/YC6 atoms

    bp        xI       yI       zI       xII      yII      zII
   1 G-C    25.071  -12.554   11.476   31.242  -15.079    4.258
   2 A-T    24.818   -8.597    9.325   27.177  -15.680    2.815
   3 A-T    25.781   -5.808    5.600   23.149  -14.822    2.468
   4 T-A    24.118   -5.740    1.940   19.072  -14.068    3.452
   5 T-A    20.835   -5.679   -0.282   16.401  -12.131    5.585
   6 G-C    17.328   -6.540   -2.010   15.203   -8.429    7.525
   7 T-A    12.682   -7.746   -1.820   14.265   -4.277    7.284
   8 G-C     8.939   -7.371    0.033   12.826   -0.620    6.117
   9 A-T     5.507   -6.852    2.602   10.578    1.589    2.558
  10 G-C     3.369   -4.104    4.155    7.917    2.824   -1.283
  11 C-G     1.529   -0.030    5.347    4.974    2.764   -3.432
  12 G-C    -1.742    1.704    5.164    1.554    0.987   -4.050
  13 G-C    -5.058    2.674    3.518   -0.847   -3.122   -3.241
  14 A-T    -7.886    2.310   -0.088   -3.122   -6.018   -1.205
  15 T-A   -10.294    0.036   -2.726   -6.228   -7.846    1.554
  16 A-T   -11.410   -3.410   -5.414   -9.920   -8.224    2.960
  17 A-T   -12.811   -7.060   -5.996  -14.435   -7.490    3.644
  18 C-G   -14.823  -10.425   -5.238  -18.880   -5.747    2.496
  19 A-T   -17.184  -13.414   -2.495  -22.435   -5.778    0.929
  20 A-T   -20.351  -15.264    0.989  -25.550   -7.188   -1.253
  21 T-A   -24.160  -16.067    2.550  -27.577   -9.828   -4.297
  22 T-A   -28.337  -16.098    3.485  -27.857  -14.237   -6.181
  23 T-A   -32.430  -16.117    2.118  -28.396  -18.359   -6.524
****************************************************************************
xyz coordinates of O1P atoms w.r.t. the middle frame of each dimer

    step       xI      yI      zI     xII     yII     zII
   1 GA/TC   -3.07   10.12   -0.12   -3.23   10.36   -0.59
   2 AA/TT   -3.19    9.87   -1.01   -3.24   10.46   -0.35
   3 AT/AT   -4.23   10.15   -0.13   -3.54   10.60    0.38
   4 TT/AA   -4.63    9.92   -0.50   -3.55   10.30    0.66
   5 TG/CA   -3.38   10.10    0.39   -3.23   10.45   -0.25
   6 GT/AC   -3.22   10.37    0.06   -2.89    9.87    1.01
   7 TG/CA   -3.33   10.45   -0.04   -2.69   10.60    0.53
   8 GA/TC   -2.84   10.24   -0.29   -1.96   10.41    0.64
   9 AG/CT   -4.69    9.91    0.22   -3.64   10.19    0.27
  10 GC/GC   -4.27   10.00   -0.97   -4.44    9.78    0.43
  11 CG/CG   -5.06    9.39   -2.09   -2.42   10.25    0.01
  12 GG/CC   -4.52    9.77   -0.67   -2.38   10.51   -0.13
  13 GA/TC   -2.87   10.30    0.34   -2.96    9.81    0.76
  14 AT/AT   -2.91   10.43    0.64   -2.83   10.25    0.54
  15 TA/TA   -2.40   10.38    0.30   -2.28   10.69    0.31
  16 AA/TT   -2.89   10.41    0.74   -2.82   10.73   -0.13
  17 AC/GT   -3.54   10.18    0.70   -3.49   10.33    0.70
  18 CA/TG   -2.83   10.22    0.43   -3.21   10.26    1.86
  19 AA/TT   -2.47   10.38    0.26   -3.69   10.49   -0.08
  20 AT/AT   -3.34   10.41    0.52   -3.42   10.13    0.04
  21 TT/AA   -3.80   10.03   -0.18   -2.34   10.17    0.60
  22 TT/AA   -4.26   10.02   -0.23   -3.37   10.29    0.14
****************************************************************************
xyz coordinates of O1P atoms w.r.t. the middle helix frame of each dimer

    step      xIH     yIH     zIH     xIIH    yIIH    zIIH
   1 GA/TC   -2.97   10.28    1.01   -3.13   10.15    0.62
   2 AA/TT   -3.53   10.88    0.95   -3.61    9.39    1.15
   3 AT/AT   -8.12    9.33    3.09   -7.40   10.25    3.80
   4 TT/AA   -8.23    9.38    2.25   -6.37    9.40    5.07
   5 TG/CA   -4.93    8.72    3.41   -4.86   10.88    2.74
   6 GT/AC   -3.04   11.49   -1.73   -2.73    8.65   -0.54
   7 TG/CA   -3.86   10.30   -1.28   -3.27   10.71   -0.10
   8 GA/TC   -2.70    9.85    0.33   -1.79   10.74    1.40
   9 AG/CT   -7.45    6.82    3.39   -6.65   12.27    2.91
  10 GC/GC   -6.29   11.56    2.14   -6.54    7.51    3.14
  11 CG/CG   -8.79    4.77    7.93   -6.87    5.40    9.09
  12 GG/CC   -5.23    8.91    2.19   -3.22   10.86    2.44
  13 GA/TC   -4.10   11.54    1.31   -4.11    8.35    1.86
  14 AT/AT   -4.36    9.64    0.43   -4.23   11.05    0.55
  15 TA/TA   -2.74   11.17    0.28   -2.62    9.91    0.25
  16 AA/TT   -4.32    9.12    1.87   -4.38   11.88    0.55
  17 AC/GT   -4.42    8.75    0.20   -4.38   11.81    0.17
  18 CA/TG   -3.25   12.14   -0.68   -3.64    8.46    0.68
  19 AA/TT   -2.78   11.85   -0.60   -3.90    8.92   -1.51
  20 AT/AT   -4.88    9.61    0.75   -4.93   10.90    0.52
  21 TT/AA   -4.07    9.25    0.49   -2.53   10.84    1.64
  22 TT/AA   -5.76   10.03    1.32   -4.77    9.97    2.18
****************************************************************************
xyz coordinates of O2P atoms w.r.t. the middle frame of each dimer

    step       xI      yI      zI     xII     yII     zII
   1 GA/TC   -1.87    8.65    1.60   -1.56    8.94    0.73
   2 AA/TT   -1.72    9.47    1.05   -1.54    9.03    0.92
   3 AT/AT   -2.06    9.67    1.15   -1.82    9.08    1.52
   4 TT/AA   -2.27    9.80    0.50   -1.38    9.39    1.69
   5 TG/CA   -1.47    8.70    1.40   -1.84    8.98    1.34
   6 GT/AC   -2.04    8.59    1.48   -0.82    8.57    1.81
   7 TG/CA   -1.68    8.86    1.11   -0.66    9.41    1.56
   8 GA/TC   -1.48    8.79    1.32   -0.45    8.51    1.49
   9 AG/CT   -2.69    8.94    1.50   -1.42    9.30    1.22
  10 GC/GC   -2.71    9.37    0.96   -2.00    9.50    1.17
  11 CG/CG   -3.15    9.62   -0.39   -0.30    9.04    0.77
  12 GG/CC   -2.20    9.26    0.30   -1.29    8.59    1.18
  13 GA/TC   -2.01    8.30    1.71   -0.76    8.80    1.62
  14 AT/AT   -1.17    8.76    1.49   -0.62    9.29    1.42
  15 TA/TA   -1.59    8.36    1.66   -0.48    9.12    1.26
  16 AA/TT   -1.45    8.54    1.73   -0.94    9.40    0.98
  17 AC/GT   -1.84    8.52    1.68   -2.06    8.46    1.70
  18 CA/TG   -1.90    8.19    1.70   -1.21    8.66    2.01
  19 AA/TT   -1.48    8.59    1.79   -1.31    9.92    0.71
  20 AT/AT   -1.71    8.73    1.57   -1.16    9.50    1.07
  21 TT/AA   -1.96    8.88    1.18   -1.21    8.12    1.63
  22 TT/AA   -2.40    9.02    1.21   -1.73    8.74    1.35
****************************************************************************
xyz coordinates of O2P atoms w.r.t. the middle helix frame of each dimer

    step      xIH     yIH     zIH     xIIH    yIIH    zIIH
   1 GA/TC   -1.77    8.63    2.57   -1.45    8.58    1.75
   2 AA/TT   -1.89   10.14    2.78   -2.01    7.76    2.31
   3 AT/AT   -5.96    8.46    4.17   -5.67    8.45    4.37
   4 TT/AA   -6.11    8.82    3.58   -4.08    8.26    5.24
   5 TG/CA   -3.01    7.10    3.92   -3.51    9.00    3.86
   6 GT/AC   -1.91    9.97    0.00   -0.64    7.49    0.40
   7 TG/CA   -2.36    8.82    0.17   -1.14    9.60    0.81
   8 GA/TC   -1.38    8.28    1.88   -0.26    8.79    2.07
   9 AG/CT   -5.37    5.56    4.19   -4.50   11.13    3.72
  10 GC/GC   -4.67   10.40    3.75   -4.13    7.01    3.85
  11 CG/CG   -6.76    3.43    8.73   -4.75    4.11    8.46
  12 GG/CC   -2.86    8.18    2.84   -2.21    8.66    3.29
  13 GA/TC   -3.27    9.41    2.49   -1.89    7.25    2.54
  14 AT/AT   -2.65    7.98    1.37   -1.99   10.09    1.36
  15 TA/TA   -1.91    9.15    1.64   -0.83    8.34    1.22
  16 AA/TT   -2.80    7.18    2.57   -2.59   10.45    1.70
  17 AC/GT   -2.72    7.15    1.26   -2.95    9.98    1.26
  18 CA/TG   -2.31   10.26    0.80   -1.64    6.90    1.03
  19 AA/TT   -1.64   10.22    1.02   -1.61    8.45   -0.45
  20 AT/AT   -3.29    7.89    1.81   -2.63   10.23    1.44
  21 TT/AA   -2.31    7.98    1.85   -1.34    8.70    2.41
  22 TT/AA   -3.98    8.78    2.67   -3.07    8.23    3.00
****************************************************************************
xyz coordinates of P atoms w.r.t. the middle frame of each dimer

    step       xI      yI      zI     xII     yII     zII
   1 GA/TC   -2.81    8.78    0.46   -2.67    9.03   -0.25
   2 AA/TT   -2.62    8.95   -0.00   -2.64    9.14   -0.07
   3 AT/AT   -3.14    9.22    0.23   -2.84    9.30    0.47
   4 TT/AA   -3.40    9.14   -0.22   -2.52    9.24    0.74
   5 TG/CA   -2.72    8.78    0.59   -2.73    9.11    0.16
   6 GT/AC   -2.91    8.94    0.33   -1.97    8.72    0.87
   7 TG/CA   -2.77    9.09    0.13   -1.78    9.42    0.59
   8 GA/TC   -2.51    8.91    0.26   -1.55    8.98    0.60
   9 AG/CT   -3.78    8.77    0.51   -2.63    9.10    0.37
  10 GC/GC   -3.59    8.96   -0.16   -3.18    8.99    0.44
  11 CG/CG   -4.13    8.77   -1.10   -1.61    9.02    0.07
  12 GG/CC   -3.49    8.79   -0.26   -2.18    9.05    0.09
  13 GA/TC   -2.83    8.83    0.60   -1.91    8.76    0.68
  14 AT/AT   -2.34    9.06    0.63   -1.81    9.18    0.53
  15 TA/TA   -2.36    8.91    0.52   -1.66    9.35    0.38
  16 AA/TT   -2.47    8.99    0.75   -2.12    9.44    0.08
  17 AC/GT   -2.92    8.83    0.71   -3.00    8.94    0.66
  18 CA/TG   -2.73    8.74    0.60   -2.51    9.04    1.40
  19 AA/TT   -2.33    8.96    0.63   -2.58    9.51    0.06
  20 AT/AT   -2.80    9.03    0.60   -2.28    9.19    0.14
  21 TT/AA   -3.11    8.79    0.24   -2.10    8.71    0.60
  22 TT/AA   -3.48    8.84    0.22   -2.79    8.95    0.33
****************************************************************************
xyz coordinates of P atoms w.r.t. the middle helix frame of each dimer

    step      xIH     yIH     zIH     xIIH    yIIH    zIIH
   1 GA/TC   -2.71    8.88    1.45   -2.56    8.79    0.79
   2 AA/TT   -2.88    9.80    1.74   -3.02    8.04    1.26
   3 AT/AT   -7.03    8.32    3.15   -6.70    8.99    3.45
   4 TT/AA   -7.05    8.52    2.47   -5.39    8.42    4.55
   5 TG/CA   -4.28    7.41    3.20   -4.37    9.48    2.74
   6 GT/AC   -2.75   10.13   -1.22   -1.81    7.48   -0.52
   7 TG/CA   -3.34    8.97   -0.94   -2.36    9.53   -0.03
   8 GA/TC   -2.38    8.47    0.80   -1.38    9.32    1.25
   9 AG/CT   -6.54    5.66    3.28   -5.64   11.20    2.76
  10 GC/GC   -5.59   10.33    2.58   -5.28    6.74    2.96
  11 CG/CG   -7.83    3.66    7.73   -6.01    4.79    8.06
  12 GG/CC   -4.19    7.87    2.26   -3.02    9.40    2.29
  13 GA/TC   -4.06   10.05    1.41   -3.06    7.31    1.64
  14 AT/AT   -3.78    8.27    0.46   -3.21    9.98    0.51
  15 TA/TA   -2.70    9.70    0.50   -2.00    8.56    0.33
  16 AA/TT   -3.90    7.71    1.72   -3.69   10.58    0.71
  17 AC/GT   -3.80    7.41    0.27   -3.89   10.41    0.20
  18 CA/TG   -3.15   10.69   -0.35   -2.94    7.20    0.36
  19 AA/TT   -2.59   10.47   -0.09   -2.82    7.97   -1.17
  20 AT/AT   -4.34    8.23    0.81   -3.78    9.96    0.55
  21 TT/AA   -3.40    7.98    0.84   -2.30    9.38    1.50
  22 TT/AA   -5.00    8.79    1.59   -4.18    8.62    2.09
****************************************************************************
xyz coordinates of P atoms

    bp        xI       yI       zI       xII      yII      zII
   1 G-C     ----     ----     ----    32.614  -15.434   -0.188
   2 A-T    24.926   -6.191   12.955   26.756  -18.100   -1.326
   3 A-T    27.793   -2.692    8.095   20.692  -19.015    0.056
   4 T-A    28.378   -2.191    1.179   15.885  -18.024    4.155
   5 T-A    25.088   -4.312   -3.983   12.979  -14.222    8.541
   6 G-C    19.215   -6.043   -6.115   14.055   -8.482   11.647
   7 T-A    13.170   -9.551   -6.022   14.530   -1.809   11.704
   8 G-C     8.105  -11.833   -2.522   14.048    3.182    7.278
   9 A-T     4.457  -11.240    2.615   11.739    6.305    2.037
  10 G-C     2.336   -7.767    7.970    8.777    7.374   -3.677
  11 C-G     1.681   -1.743   10.070    4.099    4.076   -7.581
  12 G-C    -0.127    4.236    9.913    1.222   -0.463   -8.442
  13 G-C    -5.360    6.294    6.762    0.378   -6.365   -5.978
  14 A-T    -9.267    6.742    0.883   -1.595  -10.655   -1.411
  15 T-A   -11.280    4.507   -4.700   -5.409  -12.122    3.870
  16 A-T   -11.406   -0.523   -8.946  -10.992  -11.095    7.212
  17 A-T   -11.229   -6.670  -10.698  -16.236   -7.659    8.054
  18 C-G   -11.957  -12.711   -8.490  -21.040   -3.421    6.255
  19 A-T   -14.176  -16.537   -3.797  -26.602   -2.724    2.868
  20 A-T   -17.125  -18.535    1.580  -29.346   -4.258   -2.616
  21 T-A   -21.633  -18.138    6.370  -29.313   -8.372   -7.758
  22 T-A   -27.388  -15.854    8.001  -28.726  -13.998  -10.963
  23 T-A   -33.466  -13.402    6.195  -27.239  -20.363  -10.011
*******************************************************************************************
Phosphorus-phosphorus distance in Angstroms

            1      2      3      4      5      6      7      8      9     10     11     12
            C      T      T      A      A      C      A      C      T      C      G      C   
   1 G    ----   ----   ----   ----   ----   ----   ----   ----   ----   ----   ----   ----
   2 A    17.8   18.7   18.7   17.3   15.1   11.2   11.4   15.4   21.2   26.9   31.0   32.4
   3 A    15.9   18.1   19.5   19.8   18.8   15.3   13.8   15.0   19.4   24.5   29.2   31.4
   4 T    14.0   16.2   18.5   20.4   20.9   18.8   17.4   16.5   18.7   22.3   26.6   28.9
   5 T    14.0   14.1   15.9   18.4   20.0   19.6   19.1   17.5   18.1   20.1   22.9   24.6
   6 G    17.4   15.0   14.4   16.1   17.9   18.7   18.9   17.1   16.6   17.2   18.2   19.0
   7 T    21.1   16.7   13.5   13.5   15.3   17.7   19.4   18.4   17.8   17.6   16.4   15.2
   8 G    24.9   19.7   14.7   12.0   12.3   15.7   18.6   18.9   19.1   19.3   17.2   14.5
   9 A    28.6   23.7   18.2   13.4   10.8   13.5   16.5   17.9   19.0   20.1   18.4   15.8
  10 G    32.3   28.1   22.9   17.4   12.5   12.3   14.1   16.0   17.9   20.2   19.6   18.0
  11 C    35.3   32.0   27.6   22.4   16.9   14.2   13.0   13.6   15.2   18.0   18.7   18.6
  12 G    39.5   36.7   32.7   28.0   22.7   19.1   16.0   14.5   14.4   16.5   18.0   19.0
  13 G    44.3   41.1   36.9   32.4   27.6   24.9   22.0   19.7   17.7   17.6   17.3   17.9
  14 A    47.4   43.8   39.5   35.4   31.5   29.9   27.5   24.4   21.0   18.6   16.0   15.8
  15 T    48.4   44.4   40.0   36.4   33.4   32.8   31.2   28.0   24.1   20.3   15.7   14.0
  16 A    47.3   42.7   38.1   35.0   33.0   33.7   33.2   30.4   26.5   22.3   16.2   12.6
  17 A    45.9   40.8   35.9   32.9   31.8   33.8   34.5   32.5   29.3   25.4   19.0   14.1
  18 C    45.4   39.7   34.3   31.0   30.2   33.2   35.0   34.3   32.2   29.3   23.2   18.0
  19 A    46.9   41.0   35.2   31.1   29.9   33.2   35.8   36.2   35.0   33.1   27.8   22.7
  20 A    49.9   44.0   37.9   33.1   31.2   34.3   37.2   38.4   38.1   37.0   32.3   27.6
  21 T    54.7   49.0   42.8   37.6   34.9   37.3   40.0   41.6   41.6   40.9   36.7   32.5
  22 T    60.6   55.0   48.8   43.5   40.4   42.3   44.4   45.6   45.4   44.5   40.4   36.4
  23 T    66.4   60.9   54.8   49.6   46.5   48.1   49.7   50.3   49.5   48.1   43.7   39.8

           13     14     15     16     17     18     19     20     21     22     23
            C      T      A      T      T      G      T      T      A      A      A   
   1 G    ----   ----   ----   ----   ----   ----   ----   ----   ----   ----   ----
   2 A    31.0   30.5   32.2   36.7   41.5   46.5   52.6   56.5   58.1   59.3   58.7
   3 A    31.0   31.9   34.8   39.7   44.3   48.9   54.6   58.2   59.5   60.7   60.6
   4 T    29.2   31.3   35.3   40.8   45.5   49.7   55.0   57.9   58.7   59.6   59.6
   5 T    24.9   27.5   32.4   38.4   43.2   47.3   52.2   54.5   54.7   55.1   55.1
   6 G    18.8   21.8   27.3   33.4   38.2   42.2   46.8   48.7   48.6   48.8   48.8
   7 T    13.2   15.5   21.2   27.6   32.7   36.9   41.3   43.0   42.5   42.4   42.0
   8 G    10.1    9.8   15.0   21.4   26.9   31.6   36.3   38.2   37.9   37.8   37.1
   9 A    10.7    7.3   10.0   16.1   21.7   26.9   32.2   34.9   35.4   36.0   35.3
  10 G    14.2   10.6    9.8   13.8   18.6   23.8   29.8   33.6   35.3   36.9   36.8
  11 C    16.8   14.9   14.0   16.0   19.0   23.1   29.2   33.6   36.4   39.0   39.8
  12 G    19.1   18.8   18.2   19.0   20.1   22.6   28.3   32.9   36.4   39.8   41.7
  13 G    18.9   19.2   18.6   18.3   17.7   18.5   23.4   27.8   31.6   35.7   38.3
  14 A    17.7   19.2   19.5   19.0   17.5   16.5   19.9   23.2   26.6   30.8   34.3
  15 T    16.0   18.3   19.6   19.6   18.3   16.7   18.6   20.2   22.4   26.2   30.0
  16 A    13.5   16.0   18.3   19.3   19.1   18.2   19.4   19.4   19.6   22.0   25.4
  17 A    12.5   14.0   16.6   18.5   19.4   19.9   20.9   20.0   18.4   19.0   21.1
  18 C    14.1   12.7   14.0   15.8   17.8   19.7   21.1   20.2   17.9   17.0   17.2
  19 A    17.9   14.1   12.5   12.7   15.0   17.9   19.7   19.6   17.6   16.4   15.0
  20 A    22.6   17.7   13.6   11.2   12.7   16.3   18.5   19.3   18.4   17.7   15.5
  21 T    27.8   22.8   17.5   12.8   11.9   14.7   16.6   18.2   18.8   19.2   17.5
  22 T    32.5   27.9   22.7   17.1   13.8   14.1   14.1   15.8   17.6   19.1   18.6
  23 T    36.6   32.9   28.2   22.6   18.3   15.9   13.1   13.3   15.4   17.8   18.7
****************************************************************************
Strand I helix radius

    step          P        O4'       C1'
   1  G/A       9.04      6.27      5.65
   2  A/A      10.20      7.75      6.85
   3  A/T      10.58      8.33      7.64
   4  T/T      10.96      8.10      7.55
   5  T/G       8.94      6.92      6.12
   6  G/T      10.67      7.62      7.20
   7  T/G       9.45      6.38      5.97
   8  G/A       8.91      6.12      5.49
   9  A/G       8.94      6.56      5.89
  10  G/C      11.22      8.94      8.07
  11  C/G       9.29      7.65      6.77
  12  G/G       8.65      6.39      5.63
  13  G/A      11.40      9.03      8.29
  14  A/T       8.90      6.07      5.60
  15  T/A       9.96      7.27      6.67
  16  A/A       8.69      6.23      5.59
  17  A/C       8.16      5.39      4.86
  18  C/A      11.50      8.72      8.15
  19  A/A      11.28      8.32      7.84
  20  A/T       9.09      6.42      5.83
  21  T/T       8.82      6.06      5.42
  22  T/T      10.07      7.33      6.67
****************************************************************************
Strand II helix radius

    step          P        O4'       C1'
   1  C/T       9.03      6.28      5.64
   2  T/T       8.58      5.62      5.04
   3  T/A      10.86      8.81      8.03
   4  A/A       9.98      8.57      7.61
   5  A/C      10.93      8.62      7.74
   6  C/A       7.88      5.11      4.68
   7  A/C       9.34      6.14      5.67
   8  C/T       9.53      7.04      6.35
   9  T/C      14.02     12.00     11.15
  10  C/G       7.90      5.62      5.00
  11  G/C       7.82      8.74      7.97
  12  C/C       9.64      7.03      6.27
  13  C/T       8.16      5.89      5.23
  14  T/A      10.53      7.90      7.29
  15  A/T       8.67      5.67      5.10
  16  T/T      11.35      8.37      7.81
  17  T/G      10.90      8.09      7.50
  18  G/T       8.01      5.17      4.62
  19  T/T       9.13      5.74      5.28
  20  T/A      10.39      7.59      7.01
  21  A/A       9.81      7.43      6.76
  22  A/A       9.51      7.09      6.36
****************************************************************************************
Base-pair helix axis

               Ox      Oy      Oz     Xx    Xy    Xz   Yx    Yy    Yz    Zx    Zy    Zz
   1 GA/TC   28.34  -13.72    7.76 -0.50 -0.86 -0.14 -0.55  0.18  0.81 -0.67  0.48 -0.56
             26.23  -12.20    5.99 -0.73 -0.55  0.40 -0.12  0.68  0.73 -0.67  0.48 -0.56
   2 AA/TT   25.94  -12.96    5.52 -0.79 -0.51  0.34 -0.09  0.64  0.76 -0.60  0.57 -0.55
             24.00  -11.11    3.74 -0.69 -0.02  0.73  0.40  0.82  0.41 -0.60  0.57 -0.55
   3 AT/AT   22.33  -10.29    7.23 -0.62 -0.07  0.78  0.51  0.72  0.47 -0.60  0.69 -0.41
             20.75   -8.46    6.14 -0.25  0.32  0.91  0.76  0.65 -0.02 -0.60  0.69 -0.41
   4 TT/AA   21.28   -9.16    5.92 -0.11  0.20  0.97  0.80  0.60 -0.03 -0.59  0.78 -0.22
             19.80   -7.21    5.36  0.33  0.48  0.81  0.74  0.41 -0.54 -0.59  0.78 -0.22
   5 TG/CA   19.33   -7.54    3.42  0.15  0.63  0.76  0.69  0.48 -0.53 -0.70  0.61 -0.36
             17.54   -6.00    2.50  0.53  0.79  0.30  0.47  0.02 -0.88 -0.70  0.61 -0.36
   6 GT/AC   16.03   -7.89    3.95  0.57  0.76  0.31  0.10  0.31 -0.95 -0.81  0.57  0.10
             13.50   -6.12    4.27  0.50  0.79 -0.36 -0.29 -0.24 -0.93 -0.81  0.57  0.10
   7 TG/CA   13.54   -5.87    2.66  0.57  0.74 -0.35 -0.21 -0.28 -0.94 -0.79  0.61 -0.00
             10.96   -3.88    2.65  0.37  0.48 -0.80 -0.48 -0.63 -0.60 -0.79  0.61 -0.00
   8 GA/TC   10.58   -4.51    3.08  0.30  0.52 -0.80 -0.35 -0.72 -0.60 -0.89  0.46 -0.04
              7.82   -3.08    2.97  0.02 -0.03 -1.00 -0.46 -0.89  0.01 -0.89  0.46 -0.04
   9 AG/CT    7.15   -5.24   -0.18 -0.07  0.01 -1.00 -0.25 -0.97  0.00 -0.97  0.25  0.07
              4.58   -4.58    0.01 -0.19 -0.50 -0.85 -0.17 -0.83  0.53 -0.97  0.25  0.07
  10 GC/GC    5.58   -0.46   -1.65 -0.15 -0.51 -0.85 -0.16 -0.83  0.53 -0.98  0.21  0.04
              2.79    0.15   -1.53 -0.22 -0.92 -0.33 -0.03 -0.33  0.94 -0.98  0.21  0.04
  11 CG/CG    2.76   -2.73    0.21 -0.26 -0.92 -0.31  0.70 -0.40  0.60 -0.67 -0.06  0.74
              1.41   -2.84    1.70  0.20 -0.97  0.11  0.71  0.23  0.66 -0.67 -0.06  0.74
  12 GG/CC    0.00    0.31    1.35  0.22 -0.97  0.08 -0.04  0.07  1.00 -0.98 -0.22 -0.03
             -2.97   -0.35    1.27  0.14 -0.72  0.68 -0.17  0.66  0.73 -0.98 -0.22 -0.03
  13 GA/TC   -2.21   -1.95    0.08  0.24 -0.68  0.69 -0.33  0.62  0.72 -0.91 -0.40 -0.08
             -4.96   -3.15   -0.15 -0.01 -0.17  0.98 -0.41  0.90  0.16 -0.91 -0.40 -0.08
  14 AT/AT   -5.95   -1.22    0.41 -0.00 -0.17  0.99 -0.51  0.85  0.14 -0.86 -0.50 -0.09
             -8.85   -2.92    0.11 -0.28  0.32  0.90 -0.43  0.80 -0.42 -0.86 -0.50 -0.09
  15 TA/TA   -7.84   -4.62   -0.21 -0.32  0.30  0.90 -0.42  0.80 -0.42 -0.85 -0.51 -0.13
            -10.52   -6.25   -0.64 -0.51  0.70  0.50 -0.16  0.49 -0.86 -0.85 -0.51 -0.13
  16 AA/TT  -11.50   -4.37   -1.77 -0.57  0.66  0.48 -0.09  0.54 -0.84 -0.82 -0.52 -0.25
            -13.98   -5.95   -2.54 -0.52  0.85 -0.07  0.25  0.07 -0.96 -0.82 -0.52 -0.25
  17 AC/GT  -13.67   -6.57   -2.80 -0.45  0.89 -0.06  0.13  0.00 -0.99 -0.88 -0.45 -0.12
            -16.61   -8.07   -3.20 -0.28  0.72 -0.64  0.37 -0.53 -0.76 -0.88 -0.45 -0.12
  18 CA/TG  -17.68   -6.51   -0.17 -0.29  0.72 -0.64  0.32 -0.56 -0.77 -0.90 -0.42 -0.07
            -20.69   -7.91   -0.40 -0.08  0.33 -0.94  0.42 -0.84 -0.33 -0.90 -0.42 -0.07
  19 AA/TT  -20.51   -8.37   -0.43 -0.16  0.29 -0.94  0.43 -0.84 -0.33 -0.89 -0.46  0.01
            -23.59   -9.94   -0.39  0.09 -0.20 -0.98  0.45 -0.87  0.22 -0.89 -0.46  0.01
  20 AT/AT  -22.15  -12.06   -1.11  0.20 -0.13 -0.97  0.57 -0.79  0.22 -0.80 -0.60 -0.09
            -24.96  -14.16   -1.41  0.47 -0.52 -0.72  0.38 -0.61  0.69 -0.80 -0.60 -0.09
  21 TT/AA  -25.52  -13.45   -0.47  0.48 -0.50 -0.72  0.43 -0.58  0.69 -0.76 -0.64 -0.06
            -27.93  -15.50   -0.68  0.65 -0.75 -0.15  0.05 -0.15  0.99 -0.76 -0.64 -0.06
  22 TT/AA  -27.17  -16.31   -1.78  0.65 -0.75 -0.15  0.12 -0.09  0.99 -0.75 -0.66  0.03
            -29.40  -18.26   -1.69  0.60 -0.66  0.45 -0.28  0.36  0.89 -0.75 -0.66  0.03
****************************************************************************************
Strand I helix axis

               Ox      Oy      Oz     Xx    Xy    Xz   Yx    Yy    Yz    Zx    Zy    Zz
   1  G/A    28.53  -13.09    7.92 -0.45 -0.89 -0.11 -0.60  0.21  0.77 -0.66  0.41 -0.63
             26.45  -11.80    5.95 -0.72 -0.57  0.39 -0.19  0.71  0.67 -0.66  0.41 -0.63
   2  A/A    25.59  -13.08    5.56 -0.82 -0.49  0.29 -0.08  0.61  0.79 -0.56  0.62 -0.54
             23.78  -11.06    3.82 -0.72 -0.05  0.69  0.41  0.78  0.48 -0.56  0.62 -0.54
   3  A/T    22.25   -9.90    7.28 -0.69 -0.07  0.72  0.47  0.72  0.51 -0.56  0.69 -0.46
             20.80   -8.10    6.08 -0.33  0.33  0.89  0.76  0.65  0.04 -0.56  0.69 -0.46
   4  T/T    21.36   -9.17    5.75 -0.13  0.16  0.98  0.79  0.62  0.01 -0.60  0.77 -0.21
             19.86   -7.26    5.24  0.31  0.46  0.83  0.74  0.44 -0.52 -0.60  0.77 -0.21
   5  T/G    18.99   -7.90    3.58  0.13  0.61  0.78  0.67  0.53 -0.52 -0.73  0.59 -0.34
             17.04   -6.32    2.69  0.52  0.80  0.29  0.44  0.04 -0.90 -0.73  0.59 -0.34
   6  G/T    15.93   -8.02    4.17  0.59  0.75  0.29  0.07  0.31 -0.95 -0.80  0.58  0.13
             13.47   -6.23    4.56  0.54  0.80 -0.27 -0.26 -0.15 -0.95 -0.80  0.58  0.13
   7  T/G    13.62   -5.75    2.30  0.57  0.78 -0.26 -0.11 -0.25 -0.96 -0.81  0.58 -0.05
             11.07   -3.92    2.13  0.41  0.50 -0.77 -0.42 -0.65 -0.64 -0.81  0.58 -0.05
   8  G/A    10.66   -4.48    3.21  0.34  0.54 -0.77 -0.34 -0.69 -0.64 -0.88  0.47 -0.05
              7.91   -2.99    3.06  0.06  0.00 -1.00 -0.47 -0.88 -0.03 -0.88  0.47 -0.05
   9  A/G     7.48   -4.28    0.37 -0.02  0.04 -1.00 -0.31 -0.95 -0.03 -0.95  0.31  0.03
              4.70   -3.36    0.47 -0.21 -0.55 -0.81 -0.24 -0.78  0.59 -0.95  0.31  0.03
  10  G/C     5.05   -1.39   -1.63 -0.23 -0.54 -0.81 -0.09 -0.81  0.57 -0.97  0.21  0.13
              2.39   -0.83   -1.27 -0.24 -0.90 -0.35  0.05 -0.37  0.93 -0.97  0.21  0.13
  11  C/G     2.31   -2.19   -0.46 -0.23 -0.91 -0.34  0.60 -0.41  0.69 -0.76 -0.04  0.65
              0.50   -2.30    1.08  0.18 -0.97  0.14  0.62  0.23  0.75 -0.76 -0.04  0.65
  12  G/G     0.09    0.16    1.67  0.22 -0.97  0.13  0.03  0.14  0.99 -0.97 -0.22  0.06
             -2.77   -0.47    1.84  0.19 -0.69  0.70 -0.11  0.69  0.71 -0.97 -0.22  0.06
  13  G/A    -1.99   -2.59    0.36  0.23 -0.67  0.70 -0.30  0.64  0.71 -0.93 -0.37 -0.05
             -4.71   -3.69    0.22  0.05 -0.26  0.96 -0.37  0.89  0.26 -0.93 -0.37 -0.05
  14  A/T    -5.91   -1.13    0.00  0.07 -0.25  0.97 -0.53  0.81  0.25 -0.85 -0.53 -0.08
             -8.82   -2.96   -0.26 -0.25  0.26  0.93 -0.47  0.81 -0.36 -0.85 -0.53 -0.08
  15  T/A    -7.92   -4.49   -0.24 -0.31  0.23  0.92 -0.45  0.82 -0.35 -0.84 -0.53 -0.15
            -10.55   -6.16   -0.71 -0.51  0.65  0.57 -0.21  0.55 -0.81 -0.84 -0.53 -0.15
  16  A/A   -11.34   -4.48   -1.72 -0.53  0.63  0.56 -0.12  0.60 -0.79 -0.84 -0.49 -0.24
            -13.93   -6.00   -2.47 -0.50  0.87 -0.03  0.22  0.10 -0.97 -0.84 -0.49 -0.24
  17  A/C   -13.66   -6.62   -2.92 -0.47  0.88 -0.02  0.12  0.04 -0.99 -0.87 -0.47 -0.13
            -16.50   -8.16   -3.33 -0.28  0.69 -0.66  0.40 -0.54 -0.74 -0.87 -0.47 -0.13
  18  C/A   -17.90   -6.15   -0.17 -0.31  0.68 -0.67  0.34 -0.57 -0.74 -0.89 -0.46 -0.06
            -20.83   -7.66   -0.35 -0.12  0.35 -0.93  0.45 -0.82 -0.36 -0.89 -0.46 -0.06
  19  A/A   -20.56   -7.84    0.15 -0.13  0.35 -0.93  0.37 -0.85 -0.37 -0.92 -0.39 -0.02
            -23.84   -9.24    0.07  0.08 -0.13 -0.99  0.38 -0.91  0.14 -0.92 -0.39 -0.02
  20  A/T   -22.16  -12.26   -1.07  0.13 -0.10 -0.99  0.58 -0.80  0.15 -0.80 -0.59 -0.05
            -24.92  -14.31   -1.23  0.43 -0.52 -0.74  0.42 -0.61  0.67 -0.80 -0.59 -0.05
  21  T/T   -25.58  -13.41   -0.61  0.47 -0.49 -0.74  0.44 -0.59  0.67 -0.76 -0.64 -0.07
            -27.99  -15.43   -0.82  0.64 -0.75 -0.15  0.05 -0.16  0.99 -0.76 -0.64 -0.07
  22  T/T   -27.16  -16.21   -1.68  0.68 -0.72 -0.15  0.12 -0.09  0.99 -0.73 -0.69  0.03
            -29.31  -18.24   -1.60  0.62 -0.64  0.45 -0.29  0.34  0.89 -0.73 -0.69  0.03
****************************************************************************************
Strand II helix axis

               Ox      Oy      Oz     Xx    Xy    Xz   Yx    Yy    Yz    Zx    Zy    Zz
   1  C/T    28.10  -14.28    7.55 -0.54 -0.82 -0.17 -0.50  0.15  0.85 -0.67  0.55 -0.50
             26.00  -12.56    6.00 -0.74 -0.54  0.40 -0.05  0.64  0.77 -0.67  0.55 -0.50
   2  T/T    26.25  -12.84    5.48 -0.76 -0.52  0.38 -0.09  0.67  0.74 -0.64  0.53 -0.56
             24.19  -11.15    3.68 -0.66  0.00  0.75  0.40  0.85  0.34 -0.64  0.53 -0.56
   3  T/A    22.41  -10.69    7.15 -0.55 -0.08  0.83  0.55  0.72  0.43 -0.63  0.69 -0.36
             20.72   -8.84    6.19 -0.18  0.32  0.93  0.76  0.65 -0.08 -0.63  0.69 -0.36
   4  A/A    21.20   -9.13    6.11 -0.08  0.24  0.97  0.81  0.58 -0.07 -0.58  0.78 -0.24
             19.74   -7.15    5.49  0.34  0.50  0.80  0.74  0.38 -0.56 -0.58  0.78 -0.24
   5  A/C    19.74   -7.16    3.26  0.16  0.65  0.74  0.72  0.44 -0.53 -0.67  0.63 -0.40
             18.13   -5.66    2.30  0.54  0.78  0.32  0.51 -0.00 -0.86 -0.67  0.63 -0.40
   6  C/A    16.11   -7.80    3.81  0.56  0.76  0.33  0.12  0.32 -0.94 -0.82  0.57  0.09
             13.55   -6.04    4.10  0.48  0.76 -0.44 -0.32 -0.32 -0.89 -0.82  0.57  0.09
   7  A/C    13.42   -6.08    3.14  0.56  0.71 -0.44 -0.32 -0.31 -0.90 -0.77  0.64  0.06
             10.85   -3.94    3.33  0.33  0.46 -0.82 -0.55 -0.61 -0.56 -0.77  0.64  0.06
   8  C/T    10.48   -4.53    2.95  0.27  0.50 -0.82 -0.35 -0.74 -0.57 -0.90  0.44 -0.02
              7.73   -3.16    2.88 -0.01 -0.06 -1.00 -0.45 -0.89  0.06 -0.90  0.44 -0.02
   9  T/C     6.85   -6.70   -1.04 -0.13 -0.02 -0.99 -0.15 -0.99  0.03 -0.98  0.15  0.13
              4.58   -6.35   -0.75 -0.18 -0.44 -0.88 -0.08 -0.88  0.46 -0.98  0.15  0.13
  10  C/G     5.98    0.20   -1.61 -0.08 -0.47 -0.88 -0.21 -0.85  0.48 -0.98  0.22 -0.03
              3.15    0.83   -1.71 -0.20 -0.93 -0.31 -0.10 -0.29  0.95 -0.98  0.22 -0.03
  11  G/C     3.34   -3.08    0.78 -0.29 -0.92 -0.27  0.77 -0.40  0.50 -0.56 -0.06  0.82
              2.43   -3.19    2.12  0.23 -0.97  0.08  0.79  0.24  0.56 -0.56 -0.06  0.82
  12  C/C     0.00    0.44    1.07  0.22 -0.98  0.02 -0.11  0.00  0.99 -0.97 -0.22 -0.10
             -3.05   -0.26    0.75  0.10 -0.74  0.66 -0.22  0.63  0.74 -0.97 -0.22 -0.10
  13  C/T    -2.39   -1.53   -0.02  0.24 -0.69  0.69 -0.35  0.60  0.72 -0.90 -0.41 -0.10
             -5.15   -2.80   -0.32 -0.07 -0.08  0.99 -0.42  0.91  0.05 -0.90 -0.41 -0.10
  14  T/A    -5.99   -1.33    0.87 -0.07 -0.08  0.99 -0.48  0.88  0.04 -0.87 -0.48 -0.10
             -8.88   -2.90    0.54 -0.31  0.38  0.87 -0.37  0.79 -0.48 -0.87 -0.48 -0.10
  15  A/T    -7.78   -4.74   -0.19 -0.34  0.37  0.87 -0.39  0.78 -0.48 -0.86 -0.50 -0.12
            -10.50   -6.34   -0.57 -0.50  0.75  0.43 -0.12  0.43 -0.90 -0.86 -0.50 -0.12
  16  T/T   -11.70   -4.25   -1.85 -0.61  0.68  0.40 -0.04  0.48 -0.88 -0.79 -0.55 -0.26
            -14.04   -5.90   -2.64 -0.54  0.83 -0.12  0.29  0.05 -0.96 -0.79 -0.55 -0.26
  17  T/G   -13.69   -6.49   -2.61 -0.42  0.91 -0.09  0.14 -0.03 -0.99 -0.90 -0.42 -0.11
            -16.75   -7.93   -2.98 -0.28  0.74 -0.61  0.34 -0.52 -0.79 -0.90 -0.42 -0.11
  18  G/T   -17.49   -6.86   -0.21 -0.27  0.75 -0.61  0.29 -0.54 -0.79 -0.92 -0.39 -0.07
            -20.57   -8.18   -0.45 -0.06  0.31 -0.95  0.40 -0.87 -0.30 -0.92 -0.39 -0.07
  19  T/T   -20.47   -8.82   -0.85 -0.18  0.23 -0.96  0.48 -0.83 -0.29 -0.86 -0.51  0.04
            -23.31  -10.51   -0.72  0.11 -0.27 -0.96  0.50 -0.82  0.29 -0.86 -0.51  0.04
  20  T/A   -22.20  -11.77   -1.16  0.28 -0.16 -0.95  0.55 -0.79  0.29 -0.79 -0.60 -0.13
            -25.02  -13.91   -1.63  0.50 -0.51 -0.70  0.35 -0.62  0.71 -0.79 -0.60 -0.13
  21  A/A   -25.46  -13.50   -0.33  0.50 -0.51 -0.70  0.42 -0.56  0.71 -0.76 -0.65 -0.06
            -27.88  -15.56   -0.53  0.65 -0.75 -0.14  0.05 -0.15  0.99 -0.76 -0.65 -0.06
  22  A/A   -27.17  -16.41   -1.88  0.61 -0.77 -0.15  0.12 -0.10  0.99 -0.78 -0.62  0.03
            -29.50  -18.27   -1.79  0.57 -0.69  0.45 -0.26  0.37  0.89 -0.78 -0.62  0.03
