  23 # base-pairs
   1 # ***local base-pair & helical parameters***
#        Shear    Stretch   Stagger   Buckle   Prop-Tw   Opening     X-disp    Y-disp    h-Rise    Incl.     Tip     h-Twist
G-C     -0.172    -0.202     0.121     0.606     1.868    -1.101     0.000     0.000     0.000     0.000     0.000     0.000
A-T      0.343    -0.055     0.142     3.561    -4.766    -1.465     0.110     0.229     3.149     6.935    -0.301    38.595
A-T      0.113    -0.049     0.096     1.055    -1.704    -5.086    -0.350     1.054     3.218    10.290     5.162    36.620
T-A      0.091    -0.094     0.104    -2.931    -0.904    -4.893    -4.039    -0.350     2.650    19.440    -0.536    32.452
T-A      0.221    -0.169    -0.028    -1.744    -1.357    -3.211    -3.554    -0.205     2.513    22.312   -12.112    31.540
G-C     -0.369    -0.077     0.091    -2.219    -3.121     1.996    -1.684    -0.846     2.537    17.811     1.460    36.112
T-A     -0.271    -0.047     0.061    -1.752    -2.289   -10.491     0.159     1.340     3.101    -9.989    -1.635    39.121
G-C      0.102    -0.129    -0.149    -0.937     1.410    -4.754    -0.631    -0.092     3.258    -5.108    -6.217    32.249
A-T      0.051    -0.101    -0.092     0.415     0.473    -5.225     0.154    -0.419     3.105     4.115    -1.570    38.018
G-C     -0.486    -0.095     0.115     0.724    -1.237     8.213    -3.009    -2.652     2.664    17.268     4.407    31.615
C-G      0.382    -0.191     0.110    -2.444     0.518    -2.786    -2.162     1.840     2.858    18.018     1.894    38.443
G-C     -0.847    -0.225     0.093    -2.733    -3.502     6.105    -4.226    -0.962     2.014    65.764     4.995    36.589
G-C     -0.272    -0.176    -0.045    -0.169     0.993     1.163    -0.812    -0.696     3.054    15.917     4.041    38.625
A-T     -0.328    -0.239    -0.072     0.217     1.719   -12.546    -1.258     1.403     3.007     6.244    -1.960    36.875
T-A     -0.130    -0.083    -0.007     0.914    -0.418    -8.499    -1.485    -0.828     3.377    -0.553    -2.309    33.255
A-T     -0.092    -0.144    -0.053    -0.483    -0.630   -10.031    -0.356     0.824     3.164    -0.233     0.477    34.571
A-T      0.152    -0.164     0.041     1.762    -0.312    -4.370    -1.609    -1.227     3.038     5.129     5.057    34.457
C-G      0.461    -0.120    -0.030     0.059     0.576     3.888    -0.932    -1.526     3.328    -3.031     0.174    36.574
A-T      0.236    -0.074    -0.143    -1.507     2.939    -3.948    -0.435     2.009     3.323    -6.605     0.534    30.903
A-T     -0.105    -0.071     0.127     1.078    -0.749    -8.126    -0.300     1.542     3.456    -6.194     5.485    31.795
T-A     -0.063    -0.081     0.057    -1.175     0.380    -3.028    -1.572    -0.806     3.516     2.068    -2.194    30.788
T-A     -0.252    -0.109     0.037    -1.216     0.418    -0.301    -0.270    -0.808     3.170     5.419    -3.575    37.570
T-A      0.096    -0.158    -0.021     1.551    -0.212    -0.747    -1.538     0.118     2.963    10.837    -3.582    35.333
