  23 # base-pairs
   0 # ***local base-pair & step parameters***
#        Shear    Stretch   Stagger   Buckle   Prop-Tw   Opening     Shift     Slide     Rise      Tilt      Roll      Twist
G-C     -0.172    -0.202     0.121     0.606     1.868    -1.101     0.000     0.000     0.000     0.000     0.000     0.000
A-T      0.343    -0.055     0.142     3.561    -4.766    -1.465    -0.136     0.431     3.121     0.198     4.573    38.332
A-T      0.113    -0.049     0.096     1.055    -1.704    -5.086    -0.935     0.324     3.141    -3.224     6.426    35.931
T-A      0.091    -0.094     0.104    -2.931    -0.904    -4.893     0.222    -1.288     3.232     0.294    10.672    30.690
T-A      0.221    -0.169    -0.028    -1.744    -1.357    -3.211     0.681    -0.884     2.969     6.385    11.761    28.626
G-C     -0.369    -0.077     0.091    -2.219    -3.121     1.996     0.460    -0.255     2.743    -0.892    10.879    34.475
T-A     -0.271    -0.047     0.061    -1.752    -2.289   -10.491    -0.814    -0.404     3.100     1.089    -6.658    38.557
G-C      0.102    -0.129    -0.149    -0.937     1.410    -4.754     0.388    -0.627     3.193     3.443    -2.828    31.948
A-T      0.051    -0.101    -0.092     0.415     0.473    -5.225     0.353     0.311     3.083     1.022     2.679    37.914
G-C     -0.486    -0.095     0.115     0.724    -1.237     8.213     1.229    -0.792     3.120    -2.365     9.267    30.169
C-G      0.382    -0.191     0.110    -2.444     0.518    -2.786    -1.306    -0.527     3.111    -1.228    11.688    36.668
G-C     -0.847    -0.225     0.093    -2.733    -3.502     6.105     0.349     0.707     3.292    -2.523    33.221    15.345
G-C     -0.272    -0.176    -0.045    -0.169     0.993     1.163     0.253     0.279     3.112    -2.640    10.400    37.159
A-T     -0.328    -0.239    -0.072     0.217     1.719   -12.546    -0.788    -0.480     3.100     1.237     3.942    36.651
T-A     -0.130    -0.083    -0.007     0.914    -0.418    -8.499     0.604    -0.881     3.348     1.321    -0.317    33.228
A-T     -0.092    -0.144    -0.053    -0.483    -0.630   -10.031    -0.515    -0.224     3.159    -0.284    -0.139    34.569
A-T      0.152    -0.164     0.041     1.762    -0.312    -4.370     0.465    -0.688     3.159    -2.988     3.031    34.201
C-G      0.461    -0.120    -0.030     0.059     0.576     3.888     0.948    -0.751     3.298    -0.109    -1.902    36.526
A-T      0.236    -0.074    -0.143    -1.507     2.939    -3.948    -1.100    -0.598     3.267    -0.284    -3.512    30.707
A-T     -0.105    -0.071     0.127     1.078    -0.749    -8.126    -1.158    -0.518     3.329    -2.995    -3.382    31.481
T-A     -0.063    -0.081     0.057    -1.175     0.380    -3.028     0.558    -0.712     3.525     1.164     1.098    30.748
T-A     -0.252    -0.109     0.037    -1.216     0.418    -0.301     0.707     0.109     3.137     2.298     3.484    37.346
T-A      0.096    -0.158    -0.021     1.551    -0.212    -0.747     0.109    -0.387     3.081     2.161     6.538    34.677
