****************************************************************************
CEHS base-pair parameters
     bp        Shear    Stretch   Stagger    Buckle  Propeller  Opening
    1 G-C      -0.17     -0.20      0.12      0.61      1.87     -1.10
    2 A-T       0.34     -0.06      0.14      3.56     -4.77     -1.46
    3 A-T       0.11     -0.05      0.10      1.06     -1.71     -5.09
    4 T-A       0.09     -0.09      0.10     -2.93     -0.91     -4.89
    5 T-A       0.22     -0.17     -0.03     -1.74     -1.36     -3.21
    6 G-C      -0.37     -0.08      0.09     -2.22     -3.12      1.99
    7 T-A      -0.27     -0.05      0.06     -1.75     -2.30    -10.49
    8 G-C       0.10     -0.13     -0.15     -0.94      1.41     -4.75
    9 A-T       0.05     -0.10     -0.09      0.42      0.47     -5.22
   10 G-C      -0.49     -0.09      0.12      0.72     -1.24      8.21
   11 C-G       0.38     -0.19      0.11     -2.44      0.52     -2.79
   12 G-C      -0.85     -0.23      0.09     -2.73     -3.51      6.10
   13 G-C      -0.27     -0.18     -0.05     -0.17      0.99      1.16
   14 A-T      -0.33     -0.24     -0.07      0.22      1.73    -12.54
   15 T-A      -0.13     -0.08     -0.01      0.92     -0.42     -8.50
   16 A-T      -0.09     -0.14     -0.05     -0.48     -0.63    -10.03
   17 A-T       0.15     -0.16      0.04      1.76     -0.31     -4.37
   18 C-G       0.46     -0.12     -0.03      0.06      0.58      3.89
   19 A-T       0.24     -0.07     -0.14     -1.51      2.94     -3.95
   20 A-T      -0.11     -0.07      0.13      1.08     -0.75     -8.13
   21 T-A      -0.06     -0.08      0.06     -1.18      0.38     -3.03
   22 T-A      -0.25     -0.11      0.04     -1.22      0.42     -0.30
   23 T-A       0.10     -0.16     -0.02      1.55     -0.21     -0.75
          ~~~~~~~~~~~~~~~~~~~~~~~~~~~~~~~~~~~~~~~~~~~~~~~~~~~~~~~~~~~~
      ave.     -0.05     -0.12      0.02     -0.32     -0.43     -3.01
      s.d.      0.31      0.06      0.09      1.64      1.83      5.17
****************************************************************************
CEHS base-pair step parameters
    step       Shift     Slide      Rise      Tilt      Roll     Twist
   1 GA/TC     -0.14      0.43      3.12      0.23      4.59     38.37
   2 AA/TT     -0.94      0.33      3.14     -3.22      6.45     35.89
   3 AT/AT      0.22     -1.29      3.23      0.28     10.65     30.67
   4 TT/AA      0.68     -0.88      2.97      6.39     11.79     28.62
   5 TG/CA      0.46     -0.26      2.74     -0.94     10.90     34.47
   6 GT/AC     -0.81     -0.40      3.10      1.23     -6.68     38.57
   7 TG/CA      0.39     -0.63      3.19      3.33     -2.78     31.96
   8 GA/TC      0.35      0.31      3.08      1.04      2.68     37.91
   9 AG/CT      1.23     -0.79      3.12     -2.40      9.24     30.18
  10 GC/GC     -1.31     -0.53      3.11     -1.18     11.67     36.67
  11 CG/CG      0.35      0.70      3.29     -2.62     33.26     15.35
  12 GG/CC      0.25      0.28      3.11     -2.56     10.34     37.19
  13 GA/TC     -0.79     -0.48      3.10      1.14      3.92     36.65
  14 AT/AT      0.60     -0.88      3.35      1.42     -0.33     33.23
  15 TA/TA     -0.52     -0.22      3.16     -0.27     -0.15     34.57
  16 AA/TT      0.47     -0.69      3.16     -3.01      3.07     34.20
  17 AC/GT      0.95     -0.75      3.30     -0.11     -1.91     36.53
  18 CA/TG     -1.10     -0.60      3.27     -0.34     -3.53     30.72
  19 AA/TT     -1.16     -0.52      3.33     -2.92     -3.36     31.47
  20 AT/AT      0.56     -0.71      3.53      1.13      1.08     30.75
  21 TT/AA      0.71      0.11      3.14      2.31      3.49     37.35
  22 TT/AA      0.11     -0.39      3.08      2.16      6.54     34.68
          ~~~~~~~~~~~~~~~~~~~~~~~~~~~~~~~~~~~~~~~~~~~~~~~~~~~~~~~~~~~~
      ave.      0.03     -0.36      3.16      0.05      5.04     33.45
      s.d.      0.75      0.51      0.15      2.38      8.39      5.02
****************************************************************************
CompDNA base-pair parameters
     bp        Shear    Stretch   Stagger    Buckle  Propeller  Opening
    1 G-C      -0.17     -0.20      0.12      0.61      1.87     -1.10
    2 A-T       0.34     -0.06      0.14      3.56     -4.77     -1.46
    3 A-T       0.11     -0.05      0.10      1.05     -1.70     -5.09
    4 T-A       0.09     -0.09      0.10     -2.93     -0.90     -4.89
    5 T-A       0.22     -0.17     -0.03     -1.74     -1.36     -3.21
    6 G-C      -0.37     -0.08      0.09     -2.22     -3.12      2.00
    7 T-A      -0.27     -0.05      0.06     -1.75     -2.29    -10.49
    8 G-C       0.10     -0.13     -0.15     -0.94      1.41     -4.75
    9 A-T       0.05     -0.10     -0.09      0.42      0.47     -5.22
   10 G-C      -0.49     -0.09      0.12      0.72     -1.24      8.21
   11 C-G       0.38     -0.19      0.11     -2.44      0.52     -2.79
   12 G-C      -0.85     -0.23      0.09     -2.73     -3.50      6.10
   13 G-C      -0.27     -0.18     -0.05     -0.17      0.99      1.16
   14 A-T      -0.33     -0.24     -0.07      0.22      1.72    -12.54
   15 T-A      -0.13     -0.08     -0.01      0.91     -0.42     -8.50
   16 A-T      -0.09     -0.14     -0.05     -0.48     -0.63    -10.03
   17 A-T       0.15     -0.16      0.04      1.76     -0.31     -4.37
   18 C-G       0.46     -0.12     -0.03      0.06      0.58      3.89
   19 A-T       0.24     -0.07     -0.14     -1.51      2.94     -3.95
   20 A-T      -0.11     -0.07      0.13      1.08     -0.75     -8.13
   21 T-A      -0.06     -0.08      0.06     -1.17      0.38     -3.03
   22 T-A      -0.25     -0.11      0.04     -1.22      0.42     -0.30
   23 T-A       0.10     -0.16     -0.02      1.55     -0.21     -0.75
          ~~~~~~~~~~~~~~~~~~~~~~~~~~~~~~~~~~~~~~~~~~~~~~~~~~~~~~~~~~~~
      ave.     -0.05     -0.12      0.02     -0.32     -0.43     -3.01
      s.d.      0.31      0.06      0.09      1.64      1.83      5.17
****************************************************************************
CompDNA base-pair step parameters
    step       Shift     Slide      Rise      Tilt      Roll     Twist
   1 GA/TC     -0.14      0.43      3.12      0.20      4.57     38.34
   2 AA/TT     -0.93      0.33      3.14     -3.22      6.43     35.86
   3 AT/AT      0.22     -1.29      3.23      0.29     10.67     30.55
   4 TT/AA      0.68     -0.88      2.97      6.34     11.77     28.52
   5 TG/CA      0.46     -0.26      2.74     -0.89     10.88     34.32
   6 GT/AC     -0.81     -0.40      3.10      1.09     -6.66     38.51
   7 TG/CA      0.39     -0.63      3.19      3.44     -2.83     31.96
   8 GA/TC      0.35      0.31      3.08      1.02      2.68     37.90
   9 AG/CT      1.23     -0.79      3.12     -2.36      9.27     30.08
  10 GC/GC     -1.31     -0.53      3.11     -1.22     11.69     36.49
  11 CG/CG      0.35      0.71      3.29     -2.39     33.23     14.69
  12 GG/CC      0.25      0.28      3.11     -2.63     10.40     37.05
  13 GA/TC     -0.79     -0.48      3.10      1.24      3.94     36.63
  14 AT/AT      0.60     -0.88      3.35      1.32     -0.32     33.23
  15 TA/TA     -0.51     -0.22      3.16     -0.28     -0.14     34.57
  16 AA/TT      0.46     -0.69      3.16     -2.99      3.03     34.20
  17 AC/GT      0.95     -0.75      3.30     -0.11     -1.90     36.52
  18 CA/TG     -1.10     -0.60      3.27     -0.28     -3.51     30.70
  19 AA/TT     -1.16     -0.52      3.33     -2.99     -3.38     31.47
  20 AT/AT      0.56     -0.71      3.53      1.16      1.10     30.75
  21 TT/AA      0.71      0.11      3.14      2.30      3.48     37.34
  22 TT/AA      0.11     -0.39      3.08      2.16      6.54     34.63
          ~~~~~~~~~~~~~~~~~~~~~~~~~~~~~~~~~~~~~~~~~~~~~~~~~~~~~~~~~~~~
      ave.      0.03     -0.36      3.16      0.05      5.04     33.38
      s.d.      0.75      0.51      0.15      2.37      8.38      5.13
****************************************************************************
Curves base-pair parameters (by Xiang-Jun Lu)
     bp        Shear    Stretch   Stagger    Buckle  Propeller  Opening
    1 G-C      -0.17     -0.20      0.12      0.61      1.87     -1.10
    2 A-T       0.34     -0.06      0.14      3.57     -4.76     -1.46
    3 A-T       0.11     -0.05      0.10      1.06     -1.70     -5.09
    4 T-A       0.09     -0.09      0.10     -2.93     -0.90     -4.89
    5 T-A       0.22     -0.17     -0.03     -1.74     -1.36     -3.21
    6 G-C      -0.37     -0.08      0.09     -2.22     -3.12      2.00
    7 T-A      -0.27     -0.05      0.06     -1.75     -2.29    -10.49
    8 G-C       0.10     -0.13     -0.15     -0.94      1.41     -4.75
    9 A-T       0.05     -0.10     -0.09      0.42      0.47     -5.22
   10 G-C      -0.49     -0.09      0.12      0.72     -1.24      8.21
   11 C-G       0.38     -0.19      0.11     -2.44      0.52     -2.79
   12 G-C      -0.85     -0.22      0.09     -2.74     -3.50      6.11
   13 G-C      -0.27     -0.18     -0.05     -0.17      0.99      1.16
   14 A-T      -0.33     -0.24     -0.07      0.22      1.72    -12.55
   15 T-A      -0.13     -0.08     -0.01      0.91     -0.42     -8.50
   16 A-T      -0.09     -0.14     -0.05     -0.48     -0.63    -10.03
   17 A-T       0.15     -0.16      0.04      1.76     -0.31     -4.37
   18 C-G       0.46     -0.12     -0.03      0.06      0.58      3.89
   19 A-T       0.24     -0.07     -0.14     -1.51      2.94     -3.95
   20 A-T      -0.11     -0.07      0.13      1.08     -0.75     -8.13
   21 T-A      -0.06     -0.08      0.06     -1.17      0.38     -3.03
   22 T-A      -0.25     -0.11      0.04     -1.22      0.42     -0.30
   23 T-A       0.10     -0.16     -0.02      1.55     -0.21     -0.75
          ~~~~~~~~~~~~~~~~~~~~~~~~~~~~~~~~~~~~~~~~~~~~~~~~~~~~~~~~~~~~
      ave.     -0.05     -0.12      0.02     -0.32     -0.43     -3.01
      s.d.      0.31      0.06      0.09      1.64      1.82      5.17
****************************************************************************
Curves base-pair step parameters
    step       Shift     Slide      Rise      Tilt      Roll     Twist
   1 GA/TC     -0.14      0.43      3.12      0.20      4.57     38.29
   2 AA/TT     -0.94      0.32      3.15     -3.23      6.42     35.96
   3 AT/AT      0.22     -1.29      3.25      0.30     10.67     30.70
   4 TT/AA      0.68     -0.89      2.99      6.44     11.74     28.62
   5 TG/CA      0.46     -0.26      2.76     -0.90     10.88     34.49
   6 GT/AC     -0.81     -0.40      3.11      1.09     -6.66     38.55
   7 TG/CA      0.39     -0.63      3.20      3.44     -2.83     31.94
   8 GA/TC      0.35      0.31      3.08      1.02      2.68     37.92
   9 AG/CT      1.23     -0.79      3.13     -2.38      9.26     30.17
  10 GC/GC     -1.31     -0.53      3.13     -1.24     11.69     36.67
  11 CG/CG      0.35      0.71      3.44     -2.70     33.21     15.37
  12 GG/CC      0.25      0.28      3.13     -2.66     10.40     37.14
  13 GA/TC     -0.79     -0.48      3.10      1.24      3.94     36.65
  14 AT/AT      0.60     -0.88      3.35      1.32     -0.32     33.23
  15 TA/TA     -0.51     -0.22      3.16     -0.28     -0.14     34.57
  16 AA/TT      0.47     -0.69      3.16     -2.99      3.03     34.20
  17 AC/GT      0.95     -0.75      3.30     -0.11     -1.90     36.53
  18 CA/TG     -1.10     -0.60      3.27     -0.28     -3.51     30.70
  19 AA/TT     -1.16     -0.52      3.33     -3.00     -3.38     31.49
  20 AT/AT      0.56     -0.71      3.53      1.16      1.10     30.75
  21 TT/AA      0.71      0.11      3.14      2.30      3.48     37.35
  22 TT/AA      0.11     -0.39      3.09      2.17      6.54     34.68
          ~~~~~~~~~~~~~~~~~~~~~~~~~~~~~~~~~~~~~~~~~~~~~~~~~~~~~~~~~~~~
      ave.      0.03     -0.36      3.18      0.04      5.04     33.45
      s.d.      0.75      0.51      0.16      2.40      8.38      5.02
****************************************************************************
FreeHelix base-pair parameters (by Xiang-Jun Lu)
     bp        Shear    Stretch   Stagger    Buckle  Propeller  Opening
    1 G-C      -0.17     -0.20      0.12      0.61      1.87     -1.10
    2 A-T       0.34     -0.06      0.14      3.56     -4.77     -1.46
    3 A-T       0.11     -0.05      0.10      1.05     -1.70     -5.09
    4 T-A       0.09     -0.09      0.10     -2.93     -0.90     -4.89
    5 T-A       0.22     -0.17     -0.03     -1.74     -1.36     -3.21
    6 G-C      -0.37     -0.08      0.09     -2.22     -3.12      2.00
    7 T-A      -0.27     -0.05      0.06     -1.75     -2.29    -10.49
    8 G-C       0.10     -0.13     -0.15     -0.94      1.41     -4.75
    9 A-T       0.05     -0.10     -0.09      0.42      0.47     -5.22
   10 G-C      -0.49     -0.09      0.12      0.72     -1.24      8.21
   11 C-G       0.38     -0.19      0.11     -2.44      0.52     -2.79
   12 G-C      -0.85     -0.23      0.09     -2.73     -3.50      6.10
   13 G-C      -0.27     -0.18     -0.05     -0.17      0.99      1.16
   14 A-T      -0.33     -0.24     -0.07      0.22      1.72    -12.54
   15 T-A      -0.13     -0.08     -0.01      0.91     -0.42     -8.50
   16 A-T      -0.09     -0.14     -0.05     -0.48     -0.63    -10.03
   17 A-T       0.15     -0.16      0.04      1.76     -0.31     -4.37
   18 C-G       0.46     -0.12     -0.03      0.06      0.58      3.89
   19 A-T       0.24     -0.07     -0.14     -1.51      2.94     -3.95
   20 A-T      -0.11     -0.07      0.13      1.08     -0.75     -8.13
   21 T-A      -0.06     -0.08      0.06     -1.17      0.38     -3.03
   22 T-A      -0.25     -0.11      0.04     -1.22      0.42     -0.30
   23 T-A       0.10     -0.16     -0.02      1.55     -0.21     -0.75
          ~~~~~~~~~~~~~~~~~~~~~~~~~~~~~~~~~~~~~~~~~~~~~~~~~~~~~~~~~~~~
      ave.     -0.05     -0.12      0.02     -0.32     -0.43     -3.01
      s.d.      0.31      0.06      0.09      1.64      1.83      5.17
****************************************************************************
FreeHelix base-pair step parameters
    step       Shift     Slide      Rise      Tilt      Roll     Twist
   1 GA/TC     -0.14      0.43      3.12      0.20      4.57     38.34
   2 AA/TT     -0.93      0.33      3.14     -3.22      6.43     35.86
   3 AT/AT      0.22     -1.29      3.23      0.29     10.67     30.55
   4 TT/AA      0.68     -0.88      2.97      6.37     11.79     28.52
   5 TG/CA      0.46     -0.26      2.74     -0.89     10.88     34.32
   6 GT/AC     -0.81     -0.40      3.10      1.09     -6.66     38.50
   7 TG/CA      0.39     -0.63      3.19      3.44     -2.83     31.96
   8 GA/TC      0.35      0.31      3.08      1.02      2.68     37.90
   9 AG/CT      1.23     -0.79      3.12     -2.36      9.27     30.08
  10 GC/GC     -1.31     -0.53      3.11     -1.23     11.69     36.49
  11 CG/CG      0.35      0.71      3.29     -2.49     33.23     14.69
  12 GG/CC      0.25      0.28      3.11     -2.64     10.40     37.05
  13 GA/TC     -0.79     -0.48      3.10      1.24      3.94     36.63
  14 AT/AT      0.60     -0.88      3.35      1.32     -0.32     33.23
  15 TA/TA     -0.51     -0.22      3.16     -0.28     -0.14     34.57
  16 AA/TT      0.46     -0.69      3.16     -2.99      3.03     34.20
  17 AC/GT      0.95     -0.75      3.30     -0.11     -1.90     36.52
  18 CA/TG     -1.10     -0.60      3.27     -0.28     -3.51     30.70
  19 AA/TT     -1.16     -0.52      3.33     -2.99     -3.38     31.47
  20 AT/AT      0.56     -0.71      3.53      1.16      1.10     30.75
  21 TT/AA      0.71      0.11      3.14      2.30      3.48     37.34
  22 TT/AA      0.11     -0.39      3.08      2.16      6.54     34.63
          ~~~~~~~~~~~~~~~~~~~~~~~~~~~~~~~~~~~~~~~~~~~~~~~~~~~~~~~~~~~~
      ave.      0.03     -0.36      3.16      0.05      5.04     33.38
      s.d.      0.75      0.51      0.15      2.38      8.39      5.13
****************************************************************************
NGEOM base-pair parameters
     bp        Shear    Stretch   Stagger    Buckle  Propeller  Opening
    1 G-C      -0.17     -0.20      0.12      0.61      1.87     -1.10
    2 A-T       0.34     -0.06      0.14      3.56     -4.77     -1.46
    3 A-T       0.11     -0.05      0.10      1.05     -1.70     -5.09
    4 T-A       0.09     -0.09      0.10     -2.93     -0.90     -4.89
    5 T-A       0.22     -0.17     -0.03     -1.74     -1.36     -3.21
    6 G-C      -0.37     -0.08      0.09     -2.22     -3.12      2.00
    7 T-A      -0.27     -0.05      0.06     -1.75     -2.29    -10.49
    8 G-C       0.10     -0.13     -0.15     -0.94      1.41     -4.75
    9 A-T       0.05     -0.10     -0.09      0.42      0.47     -5.22
   10 G-C      -0.49     -0.09      0.12      0.72     -1.24      8.21
   11 C-G       0.38     -0.19      0.11     -2.44      0.52     -2.79
   12 G-C      -0.85     -0.23      0.09     -2.73     -3.50      6.11
   13 G-C      -0.27     -0.18     -0.05     -0.17      0.99      1.16
   14 A-T      -0.33     -0.24     -0.07      0.22      1.72    -12.55
   15 T-A      -0.13     -0.08     -0.01      0.91     -0.42     -8.50
   16 A-T      -0.09     -0.14     -0.05     -0.48     -0.63    -10.03
   17 A-T       0.15     -0.16      0.04      1.76     -0.31     -4.37
   18 C-G       0.46     -0.12     -0.03      0.06      0.58      3.89
   19 A-T       0.24     -0.07     -0.14     -1.51      2.94     -3.95
   20 A-T      -0.11     -0.07      0.13      1.08     -0.75     -8.13
   21 T-A      -0.06     -0.08      0.06     -1.17      0.38     -3.03
   22 T-A      -0.25     -0.11      0.04     -1.22      0.42     -0.30
   23 T-A       0.10     -0.16     -0.02      1.55     -0.21     -0.75
          ~~~~~~~~~~~~~~~~~~~~~~~~~~~~~~~~~~~~~~~~~~~~~~~~~~~~~~~~~~~~
      ave.     -0.05     -0.12      0.02     -0.32     -0.43     -3.01
      s.d.      0.31      0.06      0.09      1.64      1.82      5.17
****************************************************************************
NGEOM base-pair step parameters
    step       Shift     Slide      Rise      Tilt      Roll     Twist
   1 GA/TC     -0.14      0.45      3.12      0.20      4.57     38.33
   2 AA/TT     -0.95      0.35      3.13     -3.22      6.43     35.93
   3 AT/AT      0.22     -1.25      3.25      0.29     10.67     30.69
   4 TT/AA      0.70     -0.85      2.98      6.38     11.76     28.63
   5 TG/CA      0.46     -0.22      2.75     -0.89     10.88     34.48
   6 GT/AC     -0.81     -0.44      3.10      1.09     -6.66     38.56
   7 TG/CA      0.40     -0.64      3.19      3.44     -2.83     31.95
   8 GA/TC      0.36      0.32      3.08      1.02      2.68     37.91
   9 AG/CT      1.22     -0.76      3.13     -2.37      9.27     30.17
  10 GC/GC     -1.31     -0.48      3.12     -1.23     11.69     36.67
  11 CG/CG      0.34      0.77      3.28     -2.52     33.22     15.35
  12 GG/CC      0.24      0.33      3.11     -2.64     10.40     37.16
  13 GA/TC     -0.78     -0.46      3.10      1.24      3.94     36.65
  14 AT/AT      0.61     -0.88      3.35      1.32     -0.32     33.23
  15 TA/TA     -0.52     -0.22      3.16     -0.28     -0.14     34.57
  16 AA/TT      0.45     -0.68      3.16     -2.99      3.03     34.20
  17 AC/GT      0.95     -0.76      3.30     -0.11     -1.90     36.53
  18 CA/TG     -1.10     -0.61      3.26     -0.28     -3.51     30.71
  19 AA/TT     -1.17     -0.53      3.32     -2.99     -3.38     31.48
  20 AT/AT      0.56     -0.71      3.53      1.16      1.10     30.75
  21 TT/AA      0.72      0.12      3.13      2.30      3.48     37.35
  22 TT/AA      0.12     -0.36      3.08      2.16      6.54     34.68
          ~~~~~~~~~~~~~~~~~~~~~~~~~~~~~~~~~~~~~~~~~~~~~~~~~~~~~~~~~~~~
      ave.      0.03     -0.34      3.16      0.05      5.04     33.45
      s.d.      0.75      0.52      0.15      2.38      8.38      5.02
****************************************************************************
NUPARM base-pair parameters
     bp        Shear    Stretch   Stagger    Buckle  Propeller  Opening
    1 G-C      -0.17     -0.20      0.12      0.61      1.87     -1.10
    2 A-T       0.34     -0.06      0.14      3.56     -4.77     -1.46
    3 A-T       0.11     -0.05      0.10      1.06     -1.71     -5.09
    4 T-A       0.09     -0.09      0.10     -2.93     -0.91     -4.89
    5 T-A       0.22     -0.17     -0.03     -1.74     -1.36     -3.21
    6 G-C      -0.37     -0.08      0.09     -2.22     -3.12      1.99
    7 T-A      -0.27     -0.05      0.06     -1.76     -2.30    -10.49
    8 G-C       0.10     -0.13     -0.15     -0.94      1.41     -4.75
    9 A-T       0.05     -0.10     -0.09      0.42      0.47     -5.22
   10 G-C      -0.49     -0.09      0.12      0.73     -1.24      8.21
   11 C-G       0.38     -0.19      0.11     -2.44      0.52     -2.79
   12 G-C      -0.85     -0.23      0.09     -2.74     -3.51      6.10
   13 G-C      -0.27     -0.18     -0.05     -0.17      0.99      1.16
   14 A-T      -0.33     -0.24     -0.07      0.22      1.73    -12.54
   15 T-A      -0.13     -0.08     -0.01      0.92     -0.42     -8.50
   16 A-T      -0.09     -0.14     -0.05     -0.48     -0.63    -10.03
   17 A-T       0.15     -0.16      0.04      1.76     -0.31     -4.37
   18 C-G       0.46     -0.12     -0.03      0.06      0.58      3.89
   19 A-T       0.24     -0.07     -0.14     -1.51      2.94     -3.95
   20 A-T      -0.11     -0.07      0.13      1.08     -0.75     -8.13
   21 T-A      -0.06     -0.08      0.06     -1.18      0.38     -3.03
   22 T-A      -0.25     -0.11      0.04     -1.22      0.42     -0.30
   23 T-A       0.10     -0.16     -0.02      1.55     -0.21     -0.75
          ~~~~~~~~~~~~~~~~~~~~~~~~~~~~~~~~~~~~~~~~~~~~~~~~~~~~~~~~~~~~
      ave.     -0.05     -0.12      0.02     -0.32     -0.43     -3.01
      s.d.      0.31      0.06      0.09      1.64      1.83      5.17
****************************************************************************
NUPARM base-pair step parameters
    step       Shift     Slide      Rise      Tilt      Roll     Twist
   1 GA/TC     -0.14      0.48      3.11      0.24      4.87     38.34
   2 AA/TT     -0.97      0.38      3.13     -3.39      6.77     35.82
   3 AT/AT      0.23     -1.20      3.26      0.30     10.99     30.54
   4 TT/AA      0.72     -0.80      2.98      6.60     12.17     28.42
   5 TG/CA      0.45     -0.17      2.75     -0.98     11.43     34.30
   6 GT/AC     -0.80     -0.46      3.09      1.31     -7.13     38.50
   7 TG/CA      0.42     -0.65      3.19      3.47     -2.86     31.93
   8 GA/TC      0.36      0.33      3.08      1.10      2.85     37.90
   9 AG/CT      1.21     -0.73      3.14     -2.48      9.55     30.07
  10 GC/GC     -1.32     -0.42      3.12     -1.23     12.29     36.48
  11 CG/CG      0.33      0.83      3.26     -2.60     33.59     14.70
  12 GG/CC      0.23      0.37      3.10     -2.71     10.87     37.02
  13 GA/TC     -0.78     -0.45      3.11      1.20      4.13     36.63
  14 AT/AT      0.61     -0.89      3.34      1.47     -0.33     33.23
  15 TA/TA     -0.52     -0.22      3.16     -0.29     -0.19     34.57
  16 AA/TT      0.44     -0.66      3.17     -3.15      3.24     34.18
  17 AC/GT      0.95     -0.77      3.29     -0.12     -2.03     36.52
  18 CA/TG     -1.10     -0.63      3.26     -0.35     -3.68     30.70
  19 AA/TT     -1.18     -0.55      3.32     -3.04     -3.46     31.45
  20 AT/AT      0.57     -0.70      3.53      1.17      1.09     30.74
  21 TT/AA      0.73      0.14      3.13      2.44      3.69     37.32
  22 TT/AA      0.13     -0.33      3.09      2.26      6.85     34.61
          ~~~~~~~~~~~~~~~~~~~~~~~~~~~~~~~~~~~~~~~~~~~~~~~~~~~~~~~~~~~~
      ave.      0.03     -0.32      3.16      0.06      5.21     33.36
      s.d.      0.75      0.53      0.15      2.47      8.58      5.13
****************************************************************************
NUPARM base-pair helical parameters
    step       X-disp    Y-disp   h-Rise     Incl.       Tip   h-Twist
   1 GA/TC      0.11      0.24      3.15      6.98     -0.34     38.64
   2 AA/TT     -0.36      1.08      3.22     10.30      5.15     36.59
   3 AT/AT     -4.27     -0.38      2.67     19.32     -0.51     32.41
   4 TT/AA     -3.95     -0.39      2.54     22.22    -11.84     31.56
   5 TG/CA     -1.77     -0.89      2.55     17.86      1.50     36.11
   6 GT/AC      0.17      1.38      3.10    -10.09     -1.84     39.15
   7 TG/CA     -0.65     -0.12      3.26     -4.96     -6.03     32.24
   8 GA/TC      0.15     -0.42      3.11      4.14     -1.60     38.02
   9 AG/CT     -3.12     -2.76      2.69     17.16      4.39     31.61
  10 GC/GC     -2.28      1.96      2.87     17.98      1.78     38.44
  11 CG/CG    -10.36     -1.91      2.10     65.55      4.10     36.58
  12 GG/CC     -0.83     -0.71      3.07     15.77      3.88     38.62
  13 GA/TC     -1.26      1.40      3.01      6.21     -1.80     36.87
  14 AT/AT     -1.49     -0.81      3.38     -0.56     -2.47     33.26
  15 TA/TA     -0.35      0.83      3.16     -0.30      0.46     34.57
  16 AA/TT     -1.62     -1.23      3.04      5.23      5.09     34.47
  17 AC/GT     -0.93     -1.53      3.33     -3.08      0.18     36.57
  18 CA/TG     -0.43      2.01      3.33     -6.67      0.63     30.92
  19 AA/TT     -0.31      1.57      3.45     -6.08      5.35     31.77
  20 AT/AT     -1.56     -0.82      3.52      1.98     -2.12     30.78
  21 TT/AA     -0.28     -0.81      3.17      5.43     -3.58     37.57
  22 TT/AA     -1.57      0.11      2.97     10.84     -3.56     35.33
          ~~~~~~~~~~~~~~~~~~~~~~~~~~~~~~~~~~~~~~~~~~~~~~~~~~~~~~~~~~~~
      ave.     -1.68     -0.10      3.03      8.88     -0.14     35.10
      s.d.      2.30      1.29      0.34     15.77      4.14      2.84
****************************************************************************
RNA base-pair parameters
     bp        Shear    Stretch   Stagger    Buckle  Propeller  Opening
    1 G-C      -0.17     -0.20      0.12      0.61      1.87     -1.10
    2 A-T       0.34     -0.06      0.14      3.56     -4.77     -1.46
    3 A-T       0.11     -0.05      0.10      1.06     -1.71     -5.09
    4 T-A       0.09     -0.10      0.10     -2.93     -0.90     -4.89
    5 T-A       0.22     -0.17     -0.03     -1.74     -1.36     -3.21
    6 G-C      -0.37     -0.08      0.09     -2.22     -3.12      2.00
    7 T-A      -0.27     -0.06      0.06     -1.75     -2.29    -10.49
    8 G-C       0.10     -0.13     -0.15     -0.94      1.41     -4.75
    9 A-T       0.05     -0.10     -0.09      0.42      0.47     -5.22
   10 G-C      -0.49     -0.10      0.11      0.72     -1.24      8.21
   11 C-G       0.38     -0.19      0.11     -2.44      0.52     -2.79
   12 G-C      -0.85     -0.23      0.09     -2.73     -3.50      6.10
   13 G-C      -0.27     -0.18     -0.05     -0.17      0.99      1.16
   14 A-T      -0.33     -0.26     -0.08      0.22      1.72    -12.54
   15 T-A      -0.13     -0.09     -0.01      0.92     -0.42     -8.50
   16 A-T      -0.09     -0.16     -0.05     -0.48     -0.63    -10.03
   17 A-T       0.15     -0.17      0.04      1.76     -0.31     -4.37
   18 C-G       0.46     -0.12     -0.03      0.06      0.58      3.89
   19 A-T       0.24     -0.08     -0.14     -1.51      2.94     -3.95
   20 A-T      -0.11     -0.08      0.13      1.08     -0.75     -8.13
   21 T-A      -0.06     -0.08      0.06     -1.18      0.38     -3.03
   22 T-A      -0.25     -0.11      0.04     -1.22      0.42     -0.30
   23 T-A       0.10     -0.16     -0.02      1.55     -0.21     -0.75
          ~~~~~~~~~~~~~~~~~~~~~~~~~~~~~~~~~~~~~~~~~~~~~~~~~~~~~~~~~~~~
      ave.     -0.05     -0.13      0.02     -0.32     -0.43     -3.01
      s.d.      0.31      0.06      0.09      1.64      1.83      5.17
****************************************************************************
RNA base-pair step parameters
    step       Shift     Slide      Rise      Tilt      Roll     Twist
   1 GA/TC     -0.13      0.47      3.16      0.22      4.67     38.31
   2 AA/TT     -0.89      0.39      3.09     -3.28      6.54     35.88
   3 AT/AT      0.22     -1.21      3.17      0.29     10.77     30.60
   4 TT/AA      0.67     -0.81      2.98      6.46     11.91     28.49
   5 TG/CA      0.37     -0.21      2.74     -0.93     11.06     34.37
   6 GT/AC     -0.62     -0.39      3.11      1.18     -6.82     38.51
   7 TG/CA      0.32     -0.57      3.21      3.44     -2.83     31.93
   8 GA/TC      0.36      0.37      3.10      1.05      2.74     37.91
   9 AG/CT      1.02     -0.77      3.14     -2.41      9.35     30.10
  10 GC/GC     -1.15     -0.50      3.08     -1.22     11.88     36.54
  11 CG/CG      0.19      0.76      3.29     -2.58     33.36     14.92
  12 GG/CC      0.31      0.29      3.16     -2.65     10.54     37.05
  13 GA/TC     -0.58     -0.41      3.10      1.21      4.00     36.64
  14 AT/AT      0.55     -0.79      3.36      1.39     -0.32     33.23
  15 TA/TA     -0.49     -0.14      3.14     -0.28     -0.16     34.57
  16 AA/TT      0.37     -0.61      3.19     -3.05      3.11     34.18
  17 AC/GT      0.82     -0.76      3.27     -0.11     -1.95     36.52
  18 CA/TG     -0.98     -0.61      3.24     -0.31     -3.57     30.70
  19 AA/TT     -1.11     -0.48      3.37     -3.00     -3.40     31.46
  20 AT/AT      0.49     -0.66      3.49      1.16      1.09     30.75
  21 TT/AA      0.68      0.14      3.13      2.34      3.55     37.33
  22 TT/AA      0.13     -0.35      3.13      2.19      6.64     34.63
          ~~~~~~~~~~~~~~~~~~~~~~~~~~~~~~~~~~~~~~~~~~~~~~~~~~~~~~~~~~~~
      ave.      0.02     -0.31      3.17      0.05      5.10     33.39
      s.d.      0.66      0.51      0.15      2.41      8.45      5.09
****************************************************************************
RNA base-pair helical parameters
    step       X-disp    Y-disp   h-Rise     Incl.       Tip   h-Twist
   1 GA/TC      0.12      0.22      3.20      6.95     -0.32     38.60
   2 AA/TT     -0.28      0.97      3.17     10.31      5.17     36.62
   3 AT/AT     -3.92     -0.34      2.59     19.38     -0.53     32.44
   4 TT/AA     -3.50     -0.14      2.52     22.35    -12.13     31.55
   5 TG/CA     -1.67     -0.71      2.53     17.84      1.50     36.12
   6 GT/AC      0.24      1.07      3.11    -10.04     -1.74     39.13
   7 TG/CA     -0.51      0.05      3.26     -5.04     -6.13     32.24
   8 GA/TC      0.23     -0.43      3.13      4.13     -1.59     38.02
   9 AG/CT     -3.04     -2.29      2.69     17.22      4.43     31.61
  10 GC/GC     -2.18      1.60      2.80     18.00      1.85     38.44
  11 CG/CG     -4.25     -0.72      2.02     65.77      5.08     36.64
  12 GG/CC     -0.88     -0.80      3.09     15.85      3.99     38.61
  13 GA/TC     -1.17      1.07      3.02      6.23     -1.88     36.87
  14 AT/AT     -1.32     -0.71      3.39     -0.55     -2.39     33.26
  15 TA/TA     -0.21      0.79      3.14     -0.27      0.47     34.57
  16 AA/TT     -1.50     -1.09      3.08      5.18      5.08     34.46
  17 AC/GT     -0.93     -1.33      3.30     -3.05      0.18     36.58
  18 CA/TG     -0.44      1.78      3.30     -6.64      0.58     30.90
  19 AA/TT     -0.20      1.43      3.49     -6.14      5.42     31.79
  20 AT/AT     -1.48     -0.67      3.48      2.02     -2.16     30.79
  21 TT/AA     -0.24     -0.74      3.17      5.43     -3.58     37.57
  22 TT/AA     -1.54      0.11      3.01     10.84     -3.58     35.33
          ~~~~~~~~~~~~~~~~~~~~~~~~~~~~~~~~~~~~~~~~~~~~~~~~~~~~~~~~~~~~
      ave.     -1.30     -0.04      3.02      8.90     -0.10     35.10
      s.d.      1.34      1.05      0.36     15.82      4.25      2.84
****************************************************************************
Strand I base step parameters
    step       Shift     Slide      Rise      Tilt      Roll     Twist
   1  G/A      -1.00      0.62      3.18      2.08      2.19     38.04
   2  A/A      -2.01      0.46      3.01     -3.72      8.62     34.03
   3  A/T      -0.62     -1.26      3.17     -1.77     10.87     30.80
   4  T/T      -0.06     -0.87      3.08      6.92     11.34     29.50
   5  T/G      -0.88     -0.23      2.79     -0.51      9.61     37.15
   6  G/T      -1.65     -0.60      3.15      2.49     -6.92     32.12
   7  T/G      -0.41     -0.70      3.20      4.10     -1.17     34.76
   8  G/A      -0.84      0.37      3.15      1.28      2.25     37.69
   9  A/G      -0.15     -0.80      3.20     -2.04      8.77     36.76
  10  G/C      -1.81     -0.55      3.04     -2.35     12.46     31.17
  11  C/G      -0.75      0.68      3.29     -2.02     31.07     19.98
  12  G/G      -0.47      0.10      3.07     -0.66     12.28     34.77
  13  G/A      -1.68     -0.63      3.11      0.79      4.39     29.80
  14  A/T      -0.29     -0.78      3.44      1.60     -1.06     35.26
  15  T/A      -1.47     -0.31      3.11     -0.79     -0.24     33.81
  16  A/A      -0.49     -0.62      3.15     -2.02      3.31     37.00
  17  A/C      -0.12     -0.62      3.24     -0.98     -1.22     40.66
  18  C/A      -2.06     -0.52      3.15     -1.52     -2.59     26.74
  19  A/A      -2.24     -0.58      3.39     -1.79     -5.37     29.35
  20  A/T      -0.39     -0.71      3.49      0.05      1.66     33.29
  21  T/T      -0.55      0.04      3.20      2.15      3.21     38.73
  22  T/T      -0.75     -0.40      3.17      3.47      6.40     34.41
          ~~~~~~~~~~~~~~~~~~~~~~~~~~~~~~~~~~~~~~~~~~~~~~~~~~~~~~~~~~~~
      ave.     -0.94     -0.36      3.17      0.22      4.99     33.45
      s.d.      0.69      0.52      0.15      2.57      8.15      4.63
****************************************************************************
Strand I base helical parameters
    step       X-disp    Y-disp   h-Rise     Incl.       Tip   h-Twist
   1  G/A       0.68     -0.02      3.15      3.28     -3.13     38.16
   2  A/A      -0.52      0.96      3.22     14.16      6.11     35.30
   3  A/T      -3.99     -0.99      2.60     19.43      3.16     32.71
   4  T/T      -3.40     -0.58      2.49     20.69    -12.63     32.35
   5  T/G      -1.41     -0.53      2.66     14.51      0.78     38.38
   6  G/T       0.11      1.53      3.07    -12.14     -4.36     32.95
   7  T/G      -0.99     -0.50      3.15     -1.92     -6.73     35.02
   8  G/A       0.28     -0.34      3.14      3.41     -1.95     37.77
   9  A/G      -2.34     -1.83      2.93     13.40      3.12     37.85
  10  G/C      -2.88      0.96      2.74     21.76      4.11     33.65
  11  C/G      -3.81     -0.94      2.39     57.19      3.72     36.99
  12  G/G      -1.47     -1.16      2.94     19.45      1.04     36.89
  13  G/A      -2.06      1.58      2.94      8.37     -1.51     30.13
  14  A/T      -1.12     -1.07      3.44     -1.71     -2.59     35.31
  15  T/A      -0.50      0.60      3.15     -0.41      1.34     33.82
  16  A/A      -1.40     -1.31      3.11      5.11      3.12     37.21
  17  A/C      -0.75     -1.75      3.26     -1.72      1.38     40.69
  18  C/A      -0.45      2.23      3.30     -5.52      3.24     26.91
  19  A/A       0.10      2.13      3.57    -10.36      3.45     29.89
  20  A/T      -1.54     -1.13      3.45      2.85     -0.08     33.34
  21  T/T      -0.34     -0.72      3.15      4.73     -3.16     38.93
  22  T/T      -1.59     -0.06      2.95     10.50     -5.70     35.17
          ~~~~~~~~~~~~~~~~~~~~~~~~~~~~~~~~~~~~~~~~~~~~~~~~~~~~~~~~~~~~
      ave.     -1.34     -0.13      3.04      8.41     -0.33     34.97
      s.d.      1.31      1.22      0.31     14.67      4.43      3.35
****************************************************************************
Strand II base step parameters
    step       Shift     Slide      Rise      Tilt      Roll     Twist
   1  C/T       0.74      0.29      3.16     -1.62      7.17     38.61
   2  T/T       0.22      0.25      3.24     -2.96      4.42     37.70
   3  T/A       1.06     -1.23      3.19      2.35     10.57     30.43
   4  A/A       1.40     -0.80      2.90      6.03     12.47     27.47
   5  A/C       1.63     -0.20      2.73     -1.28     12.47     31.56
   6  C/A       0.43     -0.26      3.12     -0.27     -6.55     44.88
   7  A/C       1.06     -0.54      3.22      2.67     -4.47     29.12
   8  C/T       1.57      0.27      3.03      0.84      3.23     38.13
   9  T/C       2.19     -0.71      3.09     -2.76      9.98     23.44
  10  C/G      -0.49     -0.42      3.11     -0.11     11.38     41.92
  11  G/C       1.12      0.88      3.31     -3.10     35.55      9.82
  12  C/C       1.07      0.53      3.26     -4.61      8.76     39.34
  13  C/T       0.54     -0.30      3.07      1.70      3.60     43.47
  14  T/A       1.37     -0.95      3.27      1.23      0.44     31.20
  15  A/T       0.50     -0.12      3.17      0.22     -0.12     35.33
  16  T/T       1.22     -0.71      3.24     -4.07      2.99     31.36
  17  T/G       1.76     -0.90      3.30      0.74     -2.65     32.38
  18  G/T       0.10     -0.70      3.30      0.95     -4.53     34.64
  19  T/T       0.03     -0.50      3.32     -4.08     -1.36     33.59
  20  T/A       1.36     -0.70      3.49      2.25      0.46     28.20
  21  A/A       1.90      0.21      3.06      2.54      3.88     35.92
  22  A/A       1.00     -0.32      3.08      0.92      6.89     34.87
          ~~~~~~~~~~~~~~~~~~~~~~~~~~~~~~~~~~~~~~~~~~~~~~~~~~~~~~~~~~~~
      ave.      0.99     -0.32      3.17     -0.11      5.21     33.33
      s.d.      0.67      0.54      0.16      2.70      8.88      7.50
****************************************************************************
Strand II base helical parameters
    step       X-disp    Y-disp   h-Rise     Incl.       Tip   h-Twist
   1  C/T      -0.43      0.51      3.13     10.52      2.38     39.31
   2  T/T      -0.20      1.09      3.22      6.68      4.47     38.08
   3  T/A      -3.99      0.31      2.68     19.12     -4.25     32.30
   4  A/A      -3.71      0.23      2.54     24.09    -11.66     30.76
   5  A/C      -2.02     -1.15      2.41     21.55      2.21     33.96
   6  C/A       0.26      1.23      3.13     -8.31      0.34     45.36
   7  A/C      -0.08      0.32      3.35     -8.70     -5.20     29.59
   8  C/T       0.02     -0.48      3.07      4.85     -1.26     38.27
   9  T/C      -4.09     -3.81      2.32     22.97      6.36     25.63
  10  C/G      -1.65      2.46      2.89     15.19      0.14     43.44
  11  G/C      -4.52     -0.47      1.62     74.33      6.47     37.02
  12  C/C      -0.25     -0.27      3.15     12.51      6.58     40.56
  13  C/T      -0.74      1.24      3.05      4.73     -2.23     43.65
  14  T/A      -1.86     -0.50      3.31      0.81     -2.26     31.22
  15  A/T      -0.18      1.02      3.17     -0.20     -0.36     35.34
  16  T/T      -1.83     -1.15      2.97      5.41      7.38     31.76
  17  T/G      -1.12     -1.20      3.40     -4.67     -1.31     32.49
  18  G/T      -0.45      1.79      3.36     -7.45     -1.56     34.94
  19  T/T      -0.63      1.07      3.31     -2.31      6.91     33.86
  20  T/A      -1.55     -0.39      3.58      0.94     -4.56     28.29
  21  A/A      -0.20     -0.90      3.19      6.15     -4.03     36.22
  22  A/A      -1.49      0.30      2.99     11.18     -1.49     35.55
          ~~~~~~~~~~~~~~~~~~~~~~~~~~~~~~~~~~~~~~~~~~~~~~~~~~~~~~~~~~~~
      ave.     -1.40      0.06      2.99      9.52      0.14     35.35
      s.d.      1.46      1.32      0.44     17.57      4.85      5.10
