108.34916504143406
108.67952065268618
111.14477788828654
111.62922396932564
107.00192483269694
106.8798797320406
108.36147207924898
110.9257025944201
109.36519686142317
105.20390777618898
109.5939592272594
115.11577484066677
111.39020341848297
110.83681131496677
107.06982376414696
112.92766154881758
106.07486478862114
110.04699550548224
110.02578473697712
108.42027542784332
110.80430680699577
113.92208704284376
109.14828229484137
113.2092209137762
107.92731358520352
109.0530415348996
111.00791162243239
108.33997949684678
107.50575467369495
110.29172347930925
112.97727227622794
110.86314139335168
109.07364117693643
113.58752017702773
106.87058944087684
109.42714518738964
108.89420029257879
113.39279438665947
105.12782634575605
112.48813925007292
110.13381077307366
109.88306561426023
110.2737698610333
103.25035099270694
107.581722744022
107.11791904612541
111.84155963726417
109.91734129079516
110.86037163970903
113.71883865630974
108.14649895116793
112.1464992365268
110.85860626314282
111.65426704564796
104.66817868317658
108.54509558963052
109.2945738217879
111.74672095686027
110.07342384600477
111.9267760705285
111.68911416314583
107.81809387317273
115.1311286878721
106.83859920374007
110.92872919649729
110.20955728722777
110.21751445680219
108.38848806093895
110.74673938478382
113.03205041742547
107.1009867884142
106.89013382412642
111.05402495587731
113.02252846408265
107.38560025047211
113.46021841579149
109.786252869675
111.14503424919079
108.61262128859141
106.37939799051051
109.91580332671806
109.20697269671416
111.88114692369773
113.12163755327566
111.11791675682902
112.30726385233343
109.98384711215559
109.61921924108465
109.44810190121362
112.55274752922635
109.98161191576625
109.69381499006167
107.48099952788908
107.71961925968928
106.32626689650382
110.57568772577365
109.18731431354567
103.99762428857089
114.3561174738679
110.61446409166814
109.97394334689406
107.23758317188434
114.36422423433223
105.37322904642227
112.90186454409137
108.62120332919058
104.22863477474776
111.1276114866008
113.17911427449864
108.67225695414258
114.25716409753173
107.77021155873418
110.6629211711716
112.06069040083756
108.19635376597412
112.74254557583971
107.00786953027756
109.02940420962415
108.6032422165035
116.97416989387938
109.86205463712211
107.61450432232559
110.39633476500632
110.75897305800052
108.3888908468262
108.16446060602878
111.46534457921895
109.55250348679847
107.47827434233511
107.8511270785962
106.8370978127156
109.37598884101682
110.24536257802882
112.79102511991614
109.46687010065611
112.94064930102543
109.50981079148143
105.29544323467351
112.85308807930082
112.31613757083439
113.81252349142804
106.99243679312924
108.29233237017579
108.83953842744461
109.85180925394972
109.13078102610075
106.85106409149435
108.41024330108563
107.95465563803232
108.37893264578821
106.85884365974228
112.9624564553466
109.5593686592169
109.92055320265487
112.79674198195926
107.22207536043967
107.99562893990453
109.10421974484711
108.73372613230596
109.82463632962165
110.31740679668738
107.39306798446742
111.18760664741947
103.51105449535781
109.39830979178357
110.89649084888516
113.44377078671258
110.95458216071842
112.82440944670847
109.42191718633654
113.60002808213969
105.83328419176667
110.51565814226034
108.18201885127483
110.39888879567307
109.17474935463558
113.86182254826461
114.33027572094052
112.60689277219645
109.79451878304312
105.67829086192069
114.51329520272472
108.85863526759091
109.30204577367041
110.55296039895391
109.47041179765172
110.9885935572132
109.37348892853994
110.52789010445215
109.98519462757073
114.05251769377807
115.5415743110362
107.30287670121571
108.16869982607639
106.96939881405983
111.44952900462226
111.68582082194007
109.37299130319886
111.53474087762753
105.8778057184114
113.18505408239942
109.33291206917524
112.45126289572771
108.82264328016214
110.49572164074829
111.6222035779664
112.78578879147301
112.2887147519668
107.17778900810724
111.74080548542304
110.05894871431038
109.2967538748662
112.31830492016357
111.7958529829135
108.308447427624
109.5544295296268
107.57915534027505
110.01841946574204
106.6047928829341
111.88536111805335
106.64638855315349
110.14318756085177
107.72815470398585
111.16110074844909
108.8064451398493
105.7537166219123
110.18393522829417
111.92913162176323
111.36438763713576
110.19302423677864
110.40348058742016
104.79424131395528
115.22071134959309
106.88506444669893
108.84877569627592
112.70839741793674
108.46430706918422
107.59051593400496
111.7026684528043
111.57567777455287
106.38097522756354
107.6819235695296
109.78589089592325
112.44595929898176
106.70828678831859
108.35887404708599
111.94469418963318
110.80963638443329
111.0170910994841
109.57221589027525
107.29711947261973
106.37055387740658
109.7255355119904
106.76083288152738
112.69234478542164
108.096209852773
105.11951665614374
112.14153713545635
115.16781698036891
108.44811736147506
110.973972562404
112.73898481073589
108.50291837584435
111.50650536824831
116.01735922216929
111.88845731010002
108.96947015655758
115.62230024712956
112.76448795878981
108.47543323599014
111.03512488242181
108.61932253970599
113.6947574162897
110.63082881951604
111.7777083700449
112.07601561355352
110.12772560095233
108.11013692537345
106.25825368618219
109.81953732935803
109.9212779951432
112.94636777265707
112.9220510691429
109.17016524842123
110.73125490283506
107.25620095574958
110.43746459550532
109.47987669289998
110.82299275768055
111.41924678526115
108.12884433521586
108.668335042086
111.23115044993504
114.39196769264174
107.96957260067846
111.24279221107786
114.47021804464623
106.47156464816133
106.93582200465696
112.01719215764862
109.22685074410188
107.60189568605011
106.92855816438868
109.36583110558105
105.87900974253596
106.67882064272665
105.36660938270079
108.29640864427944
109.61534508356127
112.84235530447417
113.48468564007305
110.55174390911374
109.70786463574524
111.74803564079605
111.61311923795196
107.90401694182502
110.47833709277846
108.65365646961001
109.26609009463319
113.34447399462476
109.44036043143983
105.61341168272342
108.83735208293328
111.85399953032166
106.28584299340392
110.74742615290693
109.8549877470272
108.79856306206841
112.85670734533657
109.12199020693826
106.11408463447114
108.9714486139524
109.15667324531168
106.88040700431735
110.50676324484054
108.5630217425547
109.75378566522012
108.34759924895224
113.50320511758463
107.48146450668705
109.93541372880483
110.04950317102788
115.8832953252475
104.98242547387657
109.59418067369278
110.61241666879968
112.86385725648763
114.08391185989323
108.45647161929041
107.23799880208418
108.48299387364086
111.51814297100914
108.4255572518877
112.55241024414276
112.49640734753318
112.02953711592966
111.17982217288953
107.64218121713925
109.6988055361673
116.51687152814898
110.36609276936646
113.57467275896676
108.23081879207385
109.73656248268566
110.09208297562674
111.13349776875444
109.06599025928129
112.01124626571799
112.23004630226123
113.20945960820697
108.53428109201054
111.16425385533222
106.82182738518304
109.2133410228247
114.60850591231738
111.22016311697763
113.30107423070933
110.17929228718708
112.15810453522397
112.88145437655261
106.9372244293392
111.71097826757604
110.78610091603258
112.09463505548239
111.98427353697554
105.66523150530168
111.60804904188711
106.62312600999574
107.35835711543483
109.54174474754122
108.6909108481396
110.42955768368813
115.03914044793086
112.7284612916981
109.24185950081319
108.08656348917987
110.96336539598039
108.13493024897731
115.14297861548671
112.8498895950463
108.4611228985414
110.55322030527881
105.58678532847634
120.32421814296224
111.56777357385577
112.08759349146958
102.73134692189747
107.5959320520319
108.99981660339787
113.86558730457541
111.71169192397538
112.13108706002029
112.88061586996254
109.19084962935254
111.17299806566784
109.59807501139683
112.07697096936056
112.65621434960693
112.18314055893232
113.38562311869379
103.87526396278733
114.18265328863421
109.41071552745308
112.11746465578386
111.3627732702404
110.98652706446309
112.81990055438554
112.51913722873817
109.13465509836678
110.77636803459042
112.5651146769374
106.63560531020848
104.75871035631624
108.1362615845034
104.95363854835493
107.83814608836491
108.96726181105544
109.98439631718999
112.96935208556106
111.96100123071048
109.15718421058395
110.40665442832699
110.7269625006277
109.51510585078425
113.91498235927632
108.94763381540368
108.750138018669
109.40729074670396
112.23635150683333
113.06985854173013
111.94590242471439
114.98121130395079
111.17949039965949
108.18365297475974
114.81479002294486
109.58850894404645
106.75314274373352
112.35992075219286
106.61694369169935
110.7811195636598
111.54177394210326
113.73459708051162
112.46871173742122
111.03108588143395
110.33535794427827
104.20964728013402
112.07914932469251
103.19280851331678
109.21746761552481
111.08168967067617
111.82860681690299
107.28866519851881
109.11139770240969
107.00504977316791
108.59744064965375
110.27461766745986
112.93122124045485
111.95424013856612
107.68550259317121
106.40718848888466
110.72985389821167
106.87570143687456
109.83406757276133
108.08829883886813
107.04243436420977
103.64735728529632
106.85301288977863
111.1467867644084
114.1498899858532
109.93562484866288
110.65275642632723
107.5844067147207
110.11629686553
107.54004668297816
112.53275894466013
111.0152311552521
109.45106164209719
110.69151035457404
109.95214099857824
110.69687403727535
111.41717833037855
113.27927045579877
111.29847216919842
110.22478561735674
108.97243234574641
110.3962646453467
114.2856340736443
111.13058381043572
110.16617652285306
111.34744791644357
108.83894769253429
108.60968832342984
109.93184673157748
111.45138160044267
103.04328005190831
105.63890129748188
105.41189961672721
109.02591466672328
109.77353933591185
111.41587952658605
110.16488750963617
108.34548174447843
109.30767667875895
113.36180746348573
115.76944758373573
106.91678614673779
111.89132397246104
111.17511272910257
109.29746766546027
109.69921482339197
109.17579911346155
107.74564183130062
107.65883839238057
111.7174238098546
110.93970003769735
107.61368279130951
106.79987104277396
113.82064091600357
112.83132321588364
108.57083483129932
109.26215903858298
108.66802105414762
109.98218046327291
104.8479797487726
111.64197613058285
104.07691449712705
107.99601116469375
110.75229914889881
109.74083089087581
112.1221541387152
107.96141330684334
108.44324668754498
110.85950979991617
108.22379600232674
110.79207939440676
113.07314077149516
104.75006957337082
114.4862679674699
109.30798462021815
109.51134261222606
106.99217980952668
113.3280258206822
116.11298535184659
109.60435754991792
107.77734660099622
114.3163947915071
115.81824844960997
109.20892011336235
111.13889338153466
115.17794904692128
112.00554787379694
106.33529784195908
110.2736276864474
111.36879215158233
110.28856723456497
111.61838440424098
107.64914330418733
112.5915265416978
110.4125665051259
114.18859397508723
108.97551660611914
107.34161629637802
105.2743801942992
106.26079655818484
111.60423293199372
112.37011548658361
106.9192461298311
108.23560452486508
113.85416654667664
114.39232351296135
101.03066848125927
109.17311302210454
110.01484736830209
113.99621687855804
116.38026927685645
108.70025115231438
107.85122606586616
111.7736845962725
113.65544111274698
106.61988334385762
114.99817278797069
111.49544042436995
107.39619305980395
100.97010922033286
105.85400381192004
104.32502667033337
112.85925780241693
112.33576431518084
107.79643734896966
110.07256861754833
111.08288168523016
112.18103015155977
109.73461730875472
108.17033374889178
113.80011773828956
103.56535383672988
112.00870898593683
107.27729802604009
107.85633724139478
110.4351801271636
112.74757302829849
113.10025973584656
105.57480862909959
114.75764323669887
111.68869087989982
107.76405815823381
111.10130285270994
106.38319104656028
115.46075696883084
110.47583809740229
108.15452021156162
114.15145400582081
107.88932183144249
105.89807780338575
107.72683432543832
108.06597128999711
108.95944804458574
113.16508026354273
112.27061412553596
109.26512506628445
114.45518735134465
108.71657215898473
106.85920966289038
104.5332233640883
106.37901400903054
105.58064905808124
105.44571533589878
107.91540710036537
108.65863130740904
114.28465282014622
108.65087404245074
112.82616061605098
108.35982830224482
112.0537915183437
108.33241733676277
119.29557050798874
110.32986172254708
107.65838119000566
113.14076972275582
111.5606876800665
113.31362001176676
109.05670991102119
113.6130038165558
106.52927388211985
113.41421181577293
111.44238739068741
109.57715541124556
106.22079629060867
107.32675243947482
117.96162965051484
104.41402519008221
110.1364461118819
108.65118856298427
107.97900016326523
113.13217174826633
113.87122887626909
109.8224055806051
108.9085873837105
116.38193018604
109.60425360930788
108.16336096810109
106.00007099443253
107.77543377431874
107.21069645365333
105.16216080103027
109.65859862418321
108.80216031684252
103.88590743093671
105.7001632906413
105.59947173688701
104.64411544368646
113.1530357348713
121.04551611070492
109.95017294653437
115.35253665793763
110.09284380181637
117.25787985104718
115.66165272994952
111.88805018750637
115.2173011644061
105.88335505398842
111.68766179196868
107.54706723578587
110.4645268449631
107.7244596209774
112.2525236854061
108.5069159918082
111.75483760226679
112.75162256444317
108.74225610660974
107.05027261103751
107.11143037544853
111.37868560193883
107.00902550610738
105.16409014993218
115.25098658918866
114.1840689152324
113.93457126388438
117.0462882448405
106.63302267384212
109.7210311733368
109.75572538896094
108.66347206379429
103.92966452268769
114.78957347899068
110.58570053045597
106.41625984364687
106.49479976366945
105.53154195372025
111.52137362216452
103.68040739401768
107.57266412855061
106.00704409414737
103.44142447395372
110.18403633747086
110.362455383624
102.54779788174717
110.36898132897657
113.6803712175456
107.55735631165841
108.68180012628919
107.3483423618262
111.49099553734544
108.40912761756094
116.99646624236391
114.9924571136824
112.09112229996127
110.43160811300241
106.16428230238957
105.2248056440962
109.90799289345999
110.03474118937582
108.6333956967592
112.08139448142528
104.62248193255394
99.12332464524293
110.95494579962744
112.4444442366162
107.40338834987415
102.6362912551982
109.54837199795423
107.94244476693379
111.24246226308422
113.89194609877251
108.07125793614796
109.77179692872966
112.50805204799806
104.37765999867206
109.36967942792238
105.44399777920526
104.914531328007
108.95502376405437
111.0757111446833
116.54491884094601
108.21624760924169
109.00841399693967
112.58232523853147
105.93773972069721
112.16863016566334
116.36818478097258
109.73013314285737
111.4393314651435
106.8834299371881
108.51526777460067
106.50237604975543
104.71354002238722
110.17433998872423
106.39636471690147
111.12835982377392
113.95692259693884
110.66998568390554
112.35152400490016
107.86958284338488
111.23423604257647
102.89727943344131
112.07301497975057
109.1796973925361
109.02289374101105
111.95952563524362
105.50163742708375
110.63450785116639
112.86527066680245
112.89303737110133
105.72693448581835
111.86196064561284
112.07769472749851
110.26389722060264
107.50870057642452
109.7224278906387
100.8907935867816
111.32272397183057
108.86815893109716
102.9927855496982
109.83440580681977
108.28682764850686
111.32820670470446
107.48392873025266
107.64375167360433
116.4170922826295
109.5119922533877
113.4311520063824
109.27969907553175
115.03073025483707
108.51655639958653
110.7019782934437
110.57971961246254
100.08527314479535
103.84666865891037
113.47640675850757
103.39594207916429
110.68298524552151
111.19455658071048
108.14102831269149
103.61208576512934
105.83812963018356
116.9595220391848
101.9379702290938
113.59088781045655
105.49505214743493
108.36995491664669
112.59950118793626
112.74816795602648
118.28830988800112
109.65086175730268
106.85347967292978
102.47747230947827
108.17035617361947
110.4210229118894
107.63832918847798
108.79105833251668
117.84427287161715
110.46514200924088
106.15370344138331
108.46123392571063
104.24481038440206
109.54723772835523
108.54153148679382
105.32988250852054
111.33750559355335
112.53538859234445
116.90264641228691
110.29740897481834
99.44343230368868
108.66153607326238
110.40928960011038
105.63820065502237
111.23593054596027
103.37880229191003
110.69105462016343
109.26001867298388
106.54759514563501
110.15217090304628
105.77523188102211
108.81367069175194
112.0976585055064
111.31496648242172
107.29290981673972
109.67327980749603
107.17796730397318
109.17165251963638
106.22332111584136
112.00470153521026
108.28470769783857
115.04933332519886
105.71262263276698
112.37746473945747
104.82076943983124
104.8447637798574
109.02213900078327
105.22298690218801
109.38969778007582
104.97142374205536
108.62582262196973
108.94554759789824
102.62130890007946
107.69969811579492
108.07106324738129
111.06289642000961
104.98020524561036
103.01817000858821
112.47884035799161
109.67791030610923
108.04458016465065
105.12830261893563
113.93154473344511
116.86599333315309
107.45077776988313
97.43884310486264
110.8596679187381
113.82475982363395
115.5578907463918
107.30300788139617
115.57374802434532
104.44550703760879
114.0596423962243
103.96280117540445
117.66692136350656
107.28594395201526
109.24888392692455
101.9821998082882
108.19573945574012
109.18934450762463
112.29746257865953
107.91127476102866
111.30522801168014
111.34175458305943
113.48903482380449
106.01244438999944
115.24953676547935
109.54978596140299
101.58433898144195
107.11088050918174
107.34589074309523
107.18255029052251
106.36051782349863
106.67714762580223
99.81233449710855
110.06914950749564
109.88244911941955
105.40972728212563
110.87084247991073
105.9315444104543
106.89747933289838
106.48148816184403
104.37511058705384
106.03897103875049
108.1624769711756
105.20994589259186
111.67664182939596
110.95426773507113
116.19123738197732
108.79013599583337
116.9880182400294
105.55689471092568
106.35965742037364
109.76266819441831
101.71996363423112
107.76430562840952
105.74354298524857
109.86324891302732
111.57628821238664
108.7253383462664
106.20288676992087
116.58139919868795
109.62120539572187
109.15669411740255
105.76277192480104
110.50297985609785
102.79032283111833
113.72378847662351
111.1948135741353
109.34591268595891
117.30622532534075
102.82608433974096
108.596518502248
113.0826368574504
103.18032294171908
104.20494125745392
111.98678463954134
109.52190686121918
111.85255600021762
107.8125820955037
108.73208983236378
109.99615962807822
97.52916245095072
109.32846649900334
102.45850588235372
106.78705204361437
108.73635666196382
107.7423006211172
103.74218122284464
111.06009232069432
110.3900149075802
125.16791562962537
93.40885197374647
126.20244151941267
111.94114155856623
121.96531954529222
130.5762604359368
169.06737711254425
144.7491583444926
131.57473724358843
137.4184816787152
115.56404490395285
129.24002962713863
145.56252567254427
149.06981596961725
128.57050493648865
121.3130853686859
110.57996715233446
165.9336349095218
141.06639880031938
143.72449700029054
128.34460343239553
140.30973305884513
140.07995575455539
138.41475224895945
132.13201137866653
124.99500364464973
132.51788425328738
170.8178483188103
122.98247058030468
129.71148965850196
114.61212656258138
98.76275108255584
144.92113533274357
115.48899073445725
150.06336545005377
131.2841834332252
161.52548280124475
117.88590959557428
132.72595773002757
142.85725132178075
124.79547461760853
158.0578106972421
102.62712826470643
134.44135751023705
134.32210323257692
109.65232916889211
100.50062739324966
117.6268217204892
116.70756495487007
101.98904475227403
146.60006232854178
157.01573637256337
138.09029388243155
119.44528080806279
134.28946739994058
106.31120535683864
108.76773291908155
110.35655792690056
103.05595760957544
105.89441356939999
113.57361699927807
114.05488301156504
106.65138479529602
105.28144333987383
103.89888429730715
108.79612734963325
105.5346582866848
108.39347778964841
100.45109619747113
114.1551744494197
107.96366291966855
118.24963908778736
103.45142069911584
110.36499759735588
107.43350341764774
113.7995927299598
108.34723533890173
115.0039080830115
110.4019680159977
93.30691202681697
112.92471777917218
102.52844397507856
110.26966861233835
109.58165465937584
108.29595132547033
106.45475028824053
112.78551776732705
110.19014856436942
109.70499161993035
105.60276645294844
103.89933884267687
108.31481146936206
113.28933241281857
102.52610618207017
107.20024660334536
108.97481689833569
109.17500530624594
112.39359346047182
106.11400899294543
115.21006925015566
109.3366655949652
106.95271201339236
111.90421949981153
108.53861652096407
100.85873878169087
109.50132003818935
106.12366044516354
105.57452583884577
112.85529313564362
109.4336779240305
112.95001833861964
111.11129979362363
105.09635061321009
105.73064237752773
101.51775015887833
107.53695031892553
110.23954099462782
107.9138379994637
109.37833157487994
103.02877722940072
110.7470766809694
108.15677879094152
109.4053640433074
112.632440032986
107.13434981201883
104.66619296666194
97.63116162332119
108.43408377941064
106.82956019137504
110.89922632663443
109.98098431311405
112.05114219297208
110.92278710805768
115.43962490731062
104.8246120433455
109.17665848532403
105.49511784529864
107.7954993132222
113.9207079004541
107.08131383628272
107.60746435755645
102.73392088348089
106.98017578485552
106.0723519008145
107.63786715166334
108.53562360617879
110.20328616692368
108.72917693181009
105.16092914763485
113.3005519978006
112.11871613803211
107.87769788573777
111.89658471458338
106.56604146109994
112.39823271337671
105.44669705281137
113.2689371163336
112.56667842810377
99.5791458228972
104.71004012082581
107.05960106291306
103.52202728600768
109.19263744328033
104.04064784906451
109.28754577066297
111.84584712852006
108.99304848012534
114.72455091411031
106.21422114379618
105.45416279575737
98.04688251801552
109.19429039814555
109.38683839393636
110.83251504410275
107.4013804656028
102.48900222588965
101.91337344068775
107.63435403772192
105.51545513521711
107.0934327282413
110.97226558264781
111.62303691965882
107.18749201433401
105.18860887738923
104.17238871129642
108.43764687748474
111.9261551374137
107.46407464720288
108.22775853879033
104.8438587010616
103.37391541571023
108.11970045781149
110.71256300143358
112.92037317834809
103.39243331707358
111.0670739111622
107.18771619385109
99.83092579213523
108.12069874381032
105.03083043563186
117.2719121978691
103.15005173197353
101.06218969273013
101.01533040039742
106.75734372580992
105.01971666340133
112.5084073659767
105.03787171867471
108.17072489416731
99.43737885662436
108.9834504205525
102.99225469548223
109.52852455220265
109.87598298958703
103.75280027085759
106.89175940660196
109.70788695816762
116.0720598208914
106.60590456740512
97.24582370242419
97.98776061952297
107.03234769463725
110.18545720231236
111.64680791557707
107.72480789078884
103.55989857592967
107.76325457729666
101.45524670218924
112.5526007258837
110.86807420387031
98.42267477623024
102.1241144210277
106.72727831618216
105.3056724410101
102.22176782845263
106.36068677293233
103.79068191818435
82.08285955170223
106.43986258573452
111.09046451528967
113.94273137301823
104.9366154780202
107.41061532849673
106.31182454644825
111.7820300271363
107.68099548884348
109.61767825863569
113.68443167409016
107.41120646994707
107.68431664261536
102.84102416874185
108.45971624091695
92.85604226862506
100.84069240537443
112.98422387901108
104.0960644948827
107.21361674741947
110.40364711559221
103.4961032695836
108.60873165772699
106.43175374284463
101.56682767897325
111.4582986726669
110.5980026755553
104.77633841978596
107.72340139197225
105.38742189693535
108.14397175312077
103.10663359675482
106.65671854914098
108.40866464948506
109.24233247139698
101.01644386207765
104.1270292152502
108.71259677335887
106.65257584998712
115.17313696673419
109.45423837015166
100.02744431620106
111.07857900822448
97.52132018179769
103.24745111469032
108.9828416010116
111.52044180688496
109.6729844273712
106.16031883660398
112.97337097698552
111.4867938857658
104.11653330074388
103.85704408568378
105.86754340377652
105.5577181434382
108.24836142510387
109.6556659381909
104.6044986589063
108.26978809645543
110.3483417241441
105.4859062173129
110.2134066027463
109.97368847569987
104.12108762233156
109.24563579223398
102.74909098760185
109.42202099169096
107.75554295818468
103.39019875658985
100.1656219738422
103.66402077162407
115.15858038378784
101.12955553861553
114.28844003068562
101.34914652645051
111.13956936823162
113.44371732709433
107.26166474433569
108.79064237510153
110.6452232696459
103.87229920347966
111.81390321053662
105.53359710157895
108.03065371812185
106.84824115225793
103.23674183226653
108.07368897234666
103.49917181451944
104.30829565578493
101.1350334036806
112.93874260720314
111.88730094421915
110.50171288407418
109.19232764491333
107.8617030452806
103.01470142384896
108.62342962530005
111.12120190307651
103.01239585304275
111.13300627122094
107.47965044805683
115.7182901918514
111.7342091639609
109.14715901817246
110.99049299350136
110.88684244100955
105.61374700504614
108.11746655970002
103.75495146692361
106.55827155451249
113.48737753070031
96.08350382141619
108.31394932242438
110.51261940780766
109.83903031732767
106.87215621019583
111.53236881277631
109.62886255416927
91.40863855973109
104.25822720249901
102.10662223532547
106.0077024719635
102.879009349691
108.394583630996
115.44100388315567
106.01597638932996
108.79879359189682
94.33505800653253
113.24392913031983
111.6551399976798
109.31865613113277
110.21845069638655
107.72622872732013
106.50867237609017
110.80535615571186
116.13925062989881
108.40360806639356
110.3456320388171
105.56935952196301
108.39300142710663
114.24919100226933
109.57893060729764
108.00609650961424
108.09435251380394
100.50432005044236
99.3909156855243
102.78315584831144
107.79181444841635
110.75527512618658
93.92895682758193
114.54691182639628
99.31568564945552
98.77810741687631
108.0068955236182
109.2364580093642
108.81407630511735
107.1538010980252
108.3901903141877
112.09398309131443
107.97754388634893
109.94932501823195
104.1063076546464
104.77627346869807
106.75628712032825
114.59553116376799
107.48809718455577
113.32978267893517
95.95390773700302
106.58981074211324
107.81712885416823
112.06867306345691
109.46702390907231
103.66533820844445
108.98329218253022
117.8760075441442
107.96082170441714
110.17531435186233
109.74568897055744
108.32501660039883
100.78769407971913
109.89078000520382
103.78050729660312
108.83272014224309
109.25212975967327
108.71325949557931
107.07416824787985
106.34551786835831
105.19436587631306
103.6985658791156
111.49111523079847
110.87783567963271
95.70066627008156
114.21992664997124
112.97228276680973
100.38755329026213
99.43344248853731
108.81505517535354
106.64753255504912
103.40933069999971
109.32892216077977
106.47251316148323
110.58100419530169
109.55206174343866
104.21506688726814
108.22719712465913
109.20206957921073
109.34967038096529
103.73503556342445
104.76069718299354
105.77805449098337
105.93035969879097
108.51312632962009
113.2026737733126
106.20521871451736
106.71686861761374
117.86688460258418
107.52894210588558
106.70815146951196
110.6926935451005
108.85231127922215
109.88144493327083
119.00242307013059
107.9053759132228
113.01947926042772
103.33376788860487
104.80392128766027
105.46664169835505
112.86908073313343
109.12993365999874
109.42610352697736
108.76086266875664
110.73783020718237
108.49123594787683
105.08629055570344
100.48931329638789
107.20586839254149
102.26533297135892
106.33859237612224
102.89812625118395
111.43949487639135
104.2331891469556
108.38903294314123
108.61203738574602
104.15435955080964
107.83387716827977
100.63062108524302
109.18960069421794
111.094434996696
110.03819283353694
99.59613413364728
107.78524312867633
107.85927321427756
107.48668617101353
109.69965278540431
111.74294404671386
114.89265579333971
105.33383255396211
108.78352536531631
109.37288419959035
105.68763485454932
114.77499633771524
87.5054246990337
109.05311700999157
103.44574007813992
110.63317371134914
108.98415608366992
108.79505454077027
107.16705640263943
102.93265770894726
107.86189472798047
110.1674406148909
108.30630950171441
106.37932626688652
110.04917274730492
111.62110759321955
113.91431083712355
111.42841476056333
108.17917088280578
112.96587320676726
103.66872385001363
110.69079087781687
102.66748054870806
112.69677647548946
109.3795575562925
109.50539472603622
112.21521826555842
105.15096213771629
108.2240184897246
102.5034447085662
108.47280060730527
111.52848081986858
108.39929908621286
111.10881619195719
104.21866640528901
103.38198610462054
111.38896477870658
88.37839377978393
109.29010791371084
111.90951410379765
104.11524407559624
111.67137380022947
109.79189177228065
112.29792747934772
105.35997032779305
112.93366701094752
105.10166268140499
112.38232516233586
119.29054508515557
108.78776446307363
106.46566052545727
112.25580587734555
107.97644552198757
108.94024962934354
104.96946428090882
108.52931391255967
109.52960854807876
104.66620208566256
106.92799903211937
110.30792976906763
114.66353982606095
111.26531041461092
111.12271142281426
97.67288581019135
110.58141270673376
102.76720942017619
113.08537756975873
108.94783302313421
110.22150474791246
98.52631804060961
110.92648562779542
108.60513934411473
106.51178412664663
109.6589060056527
106.67021637216551
128.0950007418384
109.21389001880904
112.32217051893926
112.16249164238275
103.88164088944859
90.1139880184296
111.45684335881379
108.57154080343471
103.46218809492625
111.51403451434904
102.10709824443778
108.89989630965185
103.63001080181184
107.98667741851038
104.01690449780965
114.33325615996954
113.2727336324321
111.79864778234833
107.67788090230646
107.31086064397753
109.47902610303119
104.61367633457616
108.15716635718222
100.46145687409474
107.99246165886203
108.71298231957803
104.56376308877846
108.12232615236286
105.64869737867916
113.74718231956388
111.2183834330623
105.28594749494373
106.26212700072931
111.05825422016088
107.25179038724683
110.83803501524937
110.58746104980632
113.45577241469992
112.89579970176224
111.14828290987485
104.76263125416938
106.50220259698774
104.13510962288953
110.60723719918572
108.36115661680972
103.79021909935848
105.70943126107176
108.53893796277411
107.8420782889121
109.4803133283543
110.24931542422412
110.53150648665458
111.94926241510021
86.0193505086964
104.23818908417125
111.87241408888286
106.1461322195234
103.86837538691817
109.59977506795688
104.14219040971932
103.16268712201266
108.309328687844
109.20737990127995
107.2620820412176
110.72572189574984
109.49122787601264
111.94048932191787
102.10241299818061
93.51699017181109
102.43138927100065
109.13870571033131
109.31782687482446
111.70883285534782
107.62956524953766
106.36778636497688
112.49806095639731
106.22428000860691
104.94468762984839
110.32730071727806
109.195439680485
103.71047163324843
106.60992700784598
112.13198075478101
112.01020730142257
103.52024735840956
102.4750450264171
106.15405079481475
106.49923942591461
105.90794088909657
110.17883102248915
107.55957199235895
112.22449140373709
105.69613811761488
110.13344967951392
107.23857327955153
107.01625513773755
108.76254512382086
114.90772449056793
116.44575749882074
108.06534688522557
102.83480964161168
104.18871831530987
110.80741827691632
105.76501025939413
102.08999830945284
104.97833856691081
108.89296867801232
99.38532841836764
108.58422386407042
89.68379764757232
105.70275523348919
113.3924009153249
115.73037487425636
108.56220514812442
107.7414394094208
113.01541351595266
110.65716389027642
114.32555468848224
106.17102256755373
107.39093689077092
106.03956000462614
112.95166535303085
108.56181603606466
106.82661910727188
113.30968827222523
105.65572161386427
110.09837101156111
109.84457928964572
105.2632716887189
106.06769877138036
107.17067054360615
108.37643017510692
112.91726179502807
106.10431388781765
113.56673619700973
106.61379096272006
103.1189414397488
114.96225116103419
117.04332842098759
105.58410549897033
106.08280275641741
112.30477875347077
107.58749820821086
106.21707430222799
114.98737720365276
108.41565818106882
112.2852015393543
102.73467055476236
104.63610797536005
107.77359433629665
102.92268006432536
107.80086345462713
111.40784968321357
110.22029709284833
110.00041556503116
107.21334189165712
108.8062868589475
113.73798466470858
111.34733709454609
108.70669485375535
102.56387198684389
107.1480017047834
108.95545118235121
109.16084370658804
103.784378123586
105.94371786581488
109.43584393456702
109.7265550511665
109.57065269498686
102.12945607469052
106.4808588954754
108.79170359072104
103.21729859621819
105.4963429757401
104.5825286023335
109.92284881753606
111.76329303544684
106.62963705843069
112.12494253861885
102.34281020306405
108.7218122651702
107.33009469999021
110.6996383185123
103.53196510234899
110.9253490947491
111.93827017650104
109.87550495749564
113.17503916633036
106.34684580458243
106.15246808989058
102.56366667484895
107.16053186921457
106.38626418725187
109.4583942001156
102.63779707630229
107.96939880755492
109.78876798129406
113.31309334207968
108.29380710610077
106.413935350939
107.52797457629936
107.41830266273227
116.7236748878681
113.49474931511539
109.68888467911201
108.44903668034597
110.22663074950678
111.20064979894141
105.35128850842248
105.70637849026254
107.61262955594569
104.16725003255368
111.27376843835782
110.38323485263967
102.09001772101384
107.43098286338719
105.06103403411227
110.54403632509201
97.36356297931248
108.99429250872885
106.51447249440604
111.2259973835556
108.60283085564157
100.40811650228878
108.67978610473192
109.40102312791528
97.2252510618469
112.20924212930339
107.12847743191523
108.14828958597796
107.74384380671773
106.41014861949299
106.47179200010673
108.12008788950283
108.24346750119659
108.18466706565822
112.61377930511722
101.51906265055693
113.31295364431261
107.11958248005352
108.8158301084043
110.11938523154382
106.98375579791393
107.93980875930832
109.03690027022162
102.4759869310251
109.19481692459205
106.2605861951913
111.13049544467893
107.57529164230971
110.84349918029483
103.46439346283258
104.91413088491846
105.84139815134321
108.57866952645975
112.40805975929024
112.87823231101912
99.95588531407381
103.2538879936295
106.73259555258319
101.04156455929433
106.22296869164562
114.00739689468253
113.378909195556
111.9340035281253
108.02473516619614
103.86455097859697
106.18671479713043
105.34463404032272
106.153289716658
104.29486121462861
105.02191518081287
107.85303662032584
104.73083136422433
110.70069906383381
104.36942997330245
104.77657531415227
111.37783847271432
111.33554245369342
114.02060544088899
111.86595914990251
108.18910330879936
110.27372395916545
108.5603449235988
100.31005148559306
105.76358937230295
107.59475937150904
110.93166590402082
113.1519605331722
108.11787409963554
113.97999215757912
108.46805598519225
112.23697737352249
111.77572381213356
105.26062916175596
111.8254669794759
111.46270703504898
111.89593747578876
103.92779281942079
111.0619493643538
104.83767009188546
106.69343883349362
108.01749149825636
106.17510289423953
108.19039030237936
107.7628943963122
112.80600275277592
98.29803007821869
108.67722484186511
107.76811379845837
104.75029624985876
107.81263237607334
104.84435908670972
111.54710961403389
108.54882077768622
100.6870565971705
104.86296803279052
111.07333988666133
109.26847453376047
106.53682814436725
118.80222435128157
105.88055726153564
100.16868026244653
106.27088482857887
111.39346164945624
113.23063699518531
110.13021086489815
101.19750917134635
106.99361347865936
108.73334991125262
109.25585417572488
108.48924724704818
113.12471201347114
111.16282088031657
105.1944550369112
103.03426095133348
107.37345772257227
106.95890064890493
115.09244617215042
108.22571232442574
109.51347587194958
108.13855018980463
99.56728268045903
104.3823538600641
101.3514054338093
102.54456409544316
112.02457812029785
108.08363021992686
105.86559724897519
109.83901036799998
103.5003664295065
109.65763170073724
110.03203783988222
107.59545045842593
110.34787062068914
105.19480127381934
103.84473327878167
107.9689245883245
105.7629808119591
105.3109166031826
105.90417865126284
106.62919224537393
105.49263729358199
108.12129074044802
113.08214684391925
103.78480138300608
104.80861184378803
106.84575596602764
103.50819028865794
107.0831704458992
111.2986364299143
106.33123642402852
109.83852077372563
95.67084904916365
110.70053452653053
98.76989157760846
106.84135449865649
108.65058536033897
103.51105662680403
108.52850878394327
114.1768216236764
109.95993070770974
100.04939070519646
105.06807469439202
112.88267699304144
106.12159875335973
108.99943670553931
108.09667869988186
112.05788996888316
103.21471204567482
105.87144371599652
109.90070877936581
105.77045005600708
107.76405773764604
106.50475950619763
113.03819172312231
105.67297074332386
97.19517221805111
108.17279277122432
108.30541590287787
109.08964197818788
101.46362597670644
105.4227869870787
109.14437556904025
106.8183477439784
106.79159289483225
103.83796651441743
102.83755133324797
111.29260631628443
107.20784302752885
108.9849269710568
106.84658202228795
112.33456400647482
113.39714464699654
109.62969040803208
104.9223002131615
110.2821831181846
109.35914744863099
108.39417961411945
109.07714073413986
110.90006185395949
104.73500748553542
104.50110447605314
112.05938582490025
103.8346932128452
105.25849133967394
111.35858413723234
112.18548368083023
102.98561477288254
109.10623378729575
113.07491389756231
108.06595847599453
111.68564588507934
103.4933319988771
107.42612590411366
108.1030789586884
100.54643626562783
111.99220442608271
105.02513652168885
104.76487521292162
105.99423680491135
109.0056449724417
108.18121591980926
103.30659117871022
105.23050863745252
108.73909428594622
99.5248461556344
108.44689388973728
108.9199643321923
109.08588962735274
109.25370961693838
112.7529667025084
111.2822333287529
111.60350209055945
110.8299939860499
105.78520481941688
105.08811089329967
109.9953963633185
105.70789516759305
105.73075500413398
102.5665684841691
100.71365536153239
116.62563501719943
108.8969767915089
112.85386690296725
110.74175225796974
106.51551739431105
110.37230989441615
113.81475085330521
106.62626678131221
108.13615804715141
104.03462668715865
110.33081830186751
108.60371390006507
113.63193967000345
98.30064167228402
104.19212052911587
111.70885157628601
108.74734291760743
107.9391540299207
108.09891768861286
107.92264394062366
110.76768785195867
112.3786530939043
108.1863157002102
109.28312673064987
103.70507647626592
107.893808308236
105.35877379247599
106.35049846410034
110.90693053745521
112.17984370081841
104.65948024495073
108.96499542413835
107.17295039115453
112.43968622057872
106.68754922396712
110.52747319378634
111.27417076238122
109.60816517303743
103.48485604508919
92.93287279434742
106.12598661155
108.66475470019606
109.75085206132984
113.60395845554885
111.50046143745251
109.52998730073412
107.77771666538217
106.88808615897834
109.15539803712622
109.37468788333656
101.14510257574128
102.29609149414968
109.95130719173429
103.38819377198317
107.48139645641544
113.72485234523072
103.76710663853358
103.8640026544567
112.50326615852582
109.55563659756979
112.62601361957171
110.27605024221026
105.73317978808868
101.65410005898987
109.51151405142882
105.87451567943995
106.35918028328945
109.53304073526763
109.12824888396442
105.15674530644269
111.96642847438679
108.7174629750509
116.07536552557755
100.8324087188523
107.61592581387835
110.71636305245016
110.47258695581071
107.96381137676065
107.5958196066741
103.85935585049873
107.39427551581144
108.70761432692146
108.04074413974469
106.363513046545
113.06221812156086
104.92485381765142
106.35519391916229
114.63156483890711
102.08370527079983
111.53744883611643
111.99362807817666
103.3583866063279
109.4026919219337
105.82498539199383
117.5037259018145
102.35678011044944
110.07675647004666
101.88223094051683
108.13216667003265
108.42859528467345
105.29231599572879
104.6488429103374
112.5996887732838
110.64874683228719
105.3287706942163
104.6037677250031
107.90206317493475
106.38864827553115
109.21111643343974
104.0634531544158
109.24939720636965
110.98266148429326
108.05875201152942
109.37006125975968
110.58904144975358
107.45474022047995
109.86467616334147
118.5872329379904
116.76980554085527
110.10146449747405
104.91699425380969
102.70647472623844
113.84935335189114
110.42442452866474
103.27468671373829
107.85853231134917
110.03552151613303
107.11000151799513
107.72891924869589
104.8623660247112
109.22639415946946
111.36904504551144
108.88407800877388
109.14705589937053
112.22375981545049
108.06870718526527
103.77988334070817
103.03524723575872
107.34998756376481
111.27295572357097
115.50311241517535
104.02309031328008
111.6903612978189
108.46734100963586
107.13702665609124
104.65302116654462
110.38918697105677
108.12433483880787
103.82458334246161
111.97980265641523
105.86632300520924
111.73106808555538
111.5239482557982
114.47459477854042
107.42306334220633
109.80219212855134
111.87211615213502
113.80737289838544
111.0082477601259
105.83677197198809
112.89828412200086
110.41216951588626
104.34450182615288
104.05282370529395
113.5328002221274
109.86659919953004
94.44549030253164
108.30201487027179
111.84343391805909
110.53436204469998
104.00016101025372
105.53940903252543
108.53706386585438
104.09786564398524
109.3820615411342
105.8602993984734
106.62903257571944
111.15875717635633
111.40655507173489
108.38341959135846
105.53945324764346
107.27336148576724
111.51082723165578
102.97180143836152
104.75392656957858
110.89394574640902
108.22050669101097
100.70198341982588
110.73419530095696
105.22695302793096
106.66546975457163
99.36631551839947
109.63322426118295
107.94033945446961
106.13447467878864
111.46807471874214
105.22492870204255
105.28038306775704
107.76279763947522
106.58482183254637
107.21803458530103
107.9530630511809
106.80914000697031
112.25936391837105
103.99481022796724
111.0529356588497
104.49933935918612
101.91029407853965
102.77662768033717
104.11553915259067
107.69491122322916
106.46070640176568
113.01418279593668
108.64549079510162
107.05261557058095
100.45149651509762
107.50086433886668
106.95416830706522
110.0827174447195
113.42093827312442
104.56791171956178
110.68817926424808
111.44786388368219
104.87923732404155
111.37205177452614
107.27166861581826
106.58252802359497
102.42550652094495
102.18965120507929
107.33623248198973
105.73708924054232
104.85025031837559
108.58147117682492
110.46518917313324
112.12487122664234
106.21326082598954
112.2346591836364
105.42943141387221
107.99921108084557
111.88780692156745
104.33261424890772
111.4487509516084
107.8507209358151
109.0941984815728
110.90713878701754
107.6037948748092
100.65073579561019
104.92681525271902
115.7909116555729
101.44872999732246
115.98393717575503
113.29242114761576
117.66210749823519
110.11784286411557
106.2420107680568
104.90688044523506
116.517184645927
104.47806316387343
110.69326913396598
109.09230996387227
107.75375915095889
105.2746671442051
112.77196097396848
109.64809828412555
107.3768653534246
105.9542410339596
99.69616182006989
116.52126331637659
105.90479928737031
115.18051451047376
109.70919171340132
97.4411963957328
109.81748736604715
106.199934166231
105.55146877686555
109.2020822530195
109.85205004805931
115.58993482746065
106.29939316531335
106.8264689584239
105.37332339062755
109.3217059108006
110.82485714600436
108.36003616881167
107.76173031106765
107.96229637387643
113.44490916590092
104.93067029043418
104.93459703485146
111.74081241785768
103.6374927417958
112.7075252210944
111.88998720324476
119.56994151154213
109.73206091527817
104.40948623462053
108.69847025666738
108.44865957961682
109.50010376109047
106.31209946568862
107.14678128281277
108.11507021519529
111.31095174339428
115.1639197850834
109.30570686072411
109.54790865372371
109.46086983917009
108.06726649675743
105.19033755805636
103.07537038295388
114.3599413549014
115.0201325731764
98.52955167748237
105.52834550022249
107.1207964767581
108.1216013700627
104.7788392831093
105.38977577310622
111.4122862256106
117.90775372487305
108.23657888156534
107.42565294963288
111.95959033529354
111.10427852012825
106.53624574780612
102.5536379988855
108.9338068517108
105.88314453660314
112.51982571441381
107.42955292135537
103.49787096697625
109.12988784938727
110.71001637310928
109.97151735072316
106.55481272374277
111.66903556460825
109.2642189477893
112.72634407804125
108.59300396029549
107.42406081311674
112.4439116576646
109.02427084504694
103.42276115019844
109.37416859704223
102.70075805853251
107.95191365865556
108.4010880807359
105.78607802903265
109.62851770643495
107.9958103047952
108.17380889258507
106.77960145947577
105.19220219694924
112.8471344356745
106.60149498401617
110.0801281102061
109.27014364562419
108.47687896939455
110.13327408311815
105.2945694348155
115.27370624543968
106.44025175444314
105.9497024268848
113.34835435425269
110.76126496956864
108.09689618981724
105.8895899027478
107.08566554992319
111.66594270997865
114.68166968904114
111.57544977979686
100.9865991008921
105.92947869462166
106.10652706912867
108.2772715707815
107.60488941419172
110.72409612024423
110.13979496926834
111.31676009358809
97.46803105486623
106.48686721018518
104.18201308097856
112.46855750409829
108.91476439296441
113.62201260865565
109.08372117384526
107.83149921932456
101.46267355145937
106.61585897722657
104.91177256186143
108.90338310002917
109.73465635258505
104.36881308831981
108.63338353375791
109.22754874099645
103.9831802391023
102.07870167101828
108.6824550222845
112.0872608903254
109.13233443715829
107.8369662410293
103.23592068218882
105.1409850186461
105.95584964120339
106.03187025292199
111.67194607104523
105.83520877801826
101.94302340618489
103.35483154025464
111.33552670059359
107.87367780636362
107.729944741794
105.28626319637848
105.27189197611716
108.4630951915024
105.36221357654429
100.58124824666898
113.23372961767538
112.06002803790737
114.38251330844311
106.75484526113912
109.04022453123947
111.49012410486269
101.19845979515438
112.56236851722332
111.22787778629605
110.86211260754709
107.19765769746422
106.77748424690823
114.94456717869444
105.76930949084078
109.20193623433119
115.76128641341423
107.10767964095142
110.99773420049506
108.52039541061454
107.39501352902879
111.33020496415375
108.27789329491705
107.31816938333506
103.21557554699795
109.44221132824696
108.19597667571314
106.19762558366436
109.9353943412888
108.58424439394376
105.77140064190338
109.44442456469797
110.78559656481626
102.2286881681513
109.3756557971883
112.79435488936002
105.39216065017803
110.3720245816935
108.81307924188582
106.17677331017666
110.86250607397852
108.6003723371599
99.7928772220763
103.81003933463747
113.3616528110173
104.2974134813918
110.87726425215047
110.9114977731417
107.80984077370171
111.96503569103106
102.85347037203047
112.6579915979831
108.42896076820836
112.50087461548709
102.6556436784192
99.85235050535623
110.73348401441747
110.67130813641407
109.62527308249066
110.98664397993487
108.25488980745807
112.8196928260697
110.94698331622787
110.43039168507664
109.9862232130095
102.64630530424742
110.49499842436894
112.00749222356073
104.07893690239905
109.1269503384836
99.10675019453404
100.16103654354698
110.43130817831052
112.88312166695356
106.21394065203162
106.76569994298043
111.58701350079075
110.00160545109358
109.3650120119185
114.28814241168575
110.55785061912067
118.82651304767013
102.44976378730894
107.43371453058325
110.92217858188059
107.33692836609632
110.0014562027082
102.46354967486579
108.92525696111336
106.28402821494016
107.07081607049915
110.4019062804931
110.782463305004
109.13168545257001
107.43885202846093
106.18789572929474
105.06148882549293
108.12020490284533
111.49185576224802
115.82615075559147
106.13731552136493
108.36731774404038
112.88228139505625
103.954758127996
112.51122217665039
103.16023702773998
110.9507829403312
111.01731830025646
105.217236253185
101.60362005698393
108.85693865889442
105.98552564544191
113.5454836148993
110.67868987491367
106.68472091040714
107.92538414943945
107.20729420795486
110.28059546713024
90.24332743603347
108.2448894929684
109.67876990015675
105.2000462821586
108.99532438437168
113.64516342986842
101.39830473497405
103.84889901533245
102.86520931872998
110.77411112290604
109.96398241596627
107.50428436708667
119.61180233042084
114.55087536958065
109.77789399803164
106.75857280273553
108.41889889104984
112.32807537087798
104.88467762388073
93.85283309187211
99.03975702647514
109.971613864894
108.45432383830597
108.33945309497967
110.83285150788885
108.14367053591424
109.76225558645481
108.18490798381123
107.8840187987465
116.06473774835172
109.24785164756553
111.37855798276459
105.50251339366501
107.40232555387782
101.19871805883037
105.62103354325818
108.73622486767428
112.56285276867521
108.66152042623632
110.02558649414905
105.56085797228647
108.06775826950945
91.44071150397247
105.06874298072293
107.13673204268304
108.95018927383552
104.43984855826763
111.49268258909791
109.56009924394124
98.89068494076713
108.4342678726412
110.13656642730527
104.99612152895297
109.91563040655699
110.88090204253288
108.54532429236275
101.84956839380877
112.78157813332142
109.74597720894121
106.75339951357591
113.31255528485477
109.0801416504988
108.06580141069523
115.83490102722695
109.20180147431458
105.09376436172285
105.66972888912204
109.49284512867658
105.03741098794117
108.26509943145918
108.83990053680547
108.98355789928874
108.28403662948638
102.90606962041583
109.69048378067754
106.07125247166488
102.2022119269717
104.03952408308731
115.74183661006929
104.50704770149258
106.7104176847018
110.9326265544052
105.39454936945904
102.07559297068532
104.80397453432505
100.61945461567275
112.41621501540922
102.00610344730754
112.99657471263944
107.7127130919465
96.50850477007135
113.27675225466021
113.84159656991005
116.55736759768598
111.2351557608764
107.4185397091101
112.01980036175101
105.01350475660307
106.18485987500948
110.36911040543312
99.45577213716777
107.2772165054971
110.74837858269076
107.94643086287134
109.10683823712785
107.2959924965938
109.25859070411057
108.34978819729312
105.88297068860004
103.2834178170651
109.91689387040454
114.08468154984443
110.22805772515466
105.52987358562669
108.10171942566086
108.8449180405379
111.54940241703873
103.5861165584107
107.96822484133779
110.96496270093675
105.76582439763239
107.00590852492176
110.76256533290997
106.92756425808878
110.90998835592443
110.9673606956846
110.59293987107056
107.65412195453784
108.01195218068239
106.0245086714313
102.72161948534496
106.71667264616404
105.78739835778094
110.55173480184335
111.98081202681216
110.43791959206195
108.8271833781092
116.36564569834142
101.64475126139347
104.16127190617205
100.8327572929299
107.2630367122733
105.05189697051908
107.45662838929029
86.76086504002656
103.87588140688156
105.34825653778101
107.56376663615443
117.6109065457371
107.55740512041622
106.31683426497513
113.47861589843681
105.16843269492087
109.26098486408154
112.06196680718278
107.79280912409521
103.7049862658066
109.98468333846579
107.59400059545383
109.29579558633152
111.27417249128449
114.52526481221858
108.07835031329564
109.53446139302785
108.91859651096068
103.50169078212646
110.496144311868
106.79056215419705
102.14659509612218
110.34884285793078
112.38270316500085
108.70160509028369
107.40858116350947
109.94262390763231
103.55754990117455
106.64103524504179
113.0655213507494
105.76123081824973
119.47299617728457
109.6351401632969
110.05347774835948
105.66606326917433
107.56984041786734
108.83108129909085
104.29632994199103
114.05452284096881
108.21525508527091
109.22259415773702
107.6088377008919
109.15322665054144
109.78511256680365
109.0417493577209
108.52724563344469
110.094847290767
103.76054252123562
103.56227460813606
107.10670518530858
106.78079740022025
110.73013556789641
110.29712821225662
107.430414829248
113.91437412993523
109.70021176132082
103.11719445369071
109.38224798485125
109.84294590611263
109.96607467791421
110.9095053205757
117.986215049817
112.71428976808102
106.5618069272632
106.74000478027077
105.70765784830354
104.94332925729903
108.77094224747725
110.40887917102395
107.68955231361083
104.35407444499202
107.87087463877789
109.26800659526099
110.95231012305165
111.90214390205496
118.67135078626285
107.70094435852837
115.87169370440556
110.27220472621053
108.04164597269379
112.43908701914582
106.69942624359474
111.94498231635272
109.3884677550302
106.84153164469312
103.88917033852306
109.14069305850623
109.4093435045284
109.72198543941794
109.46559600978097
108.97987787218078
105.07403263516188
107.65865625150819
105.55581020928804
108.93440444501793
101.26882584422604
106.64467274724365
109.288462468492
110.9448626088669
107.50859160164428
108.78932532869139
108.24488303686923
112.27649091524616
114.54469802606496
110.61546582909648
105.86363461770134
104.99069072659437
85.93204805738124
96.05438546452092
111.54812570177808
106.08378283178077
108.59068188908547
108.3924345498199
111.78526082034364
105.76262074013036
114.10290873727988
105.58105549670654
100.39783878563718
107.94855292553646
111.00319951739309
100.08162656545248
105.24491124469462
106.09005650461492
106.17032145317408
106.30650148667239
105.34967472065087
115.32094660538276
108.06212975534758
111.2015953513142
111.1322300616432
110.82052336312184
109.98695822310773

