10.587998471535998
10.72917209008861
10.85369729954919
10.787689471201071
10.758381005214124
10.833562499402872
10.754668988572206
10.803949108892873
10.770948105465656
10.724181748622268
10.848935939602018
10.845346494410247
10.78857681943921
10.869588265912075
10.830361351955574
10.73929439205409
10.634934803500034
10.797943641373104
10.728643353336118
10.68580079948017
11.01306232002317
10.722864323774173
10.740986785045234
10.88575322964054
10.937131015246301
10.685525500718912
10.846404789809926
10.887767036177546
10.543446451305043
10.783751725290019
10.871023407072164
10.797595752096626
10.72554121347975
10.792534218995351
10.86025656281646
10.691442479588034
10.673726092236453
10.826268992122982
10.746946050986123
10.881833430666417
10.892383349648343
10.894419281821722
10.837362935334692
10.619084213247032
10.891533683130572
10.82820251843728
10.876040726895347
10.912923911680673
10.78558778427401
10.782590472433014
10.79807383112815
10.96396200793369
10.969454646557876
10.862603021117309
10.821026144774242
10.78229789539449
10.68233856721514
10.928952597934424
10.685405744512073
10.731499364530679
10.858526948194134
10.85742291642273
10.765094617916615
10.79575262055758
10.84213510909356
10.867139064082565
10.683207629699606
10.704278652523543
10.758605031707608
10.964045684823084
10.67933681438745
10.927732363083601
10.785703706774864
10.895569953100681
10.822472486683482
10.716653882069824
10.782425714096624
10.934131941136842
10.829696325124369
11.024857550155252
10.923742543391336
10.809670310010253
10.7775976086617
11.00739630102991
10.874521187092588
10.910356034143259
10.99647349970975
10.791042096422116
10.796479634818548
10.90434075196665
10.766721319375215
10.627998209465474
10.860864755947834
10.873103991478127
10.816731887652756
10.818428361300171
10.813474644705739
10.875173832378936
10.851085895210744
10.761692184123488
10.909317175746548
10.90494604802722
10.8171279014117
10.8849534801979
10.969751131122582
10.739482957424718
10.635670146799715
11.00449354250605
10.819126804068713
10.884719156626481
10.883756060994939
10.765696187477259
11.000165177671104
10.902435084873169
10.819912720725132
10.757403823658612
10.752445692160034
10.866705062462021
10.791669410174993
10.821898198506634
10.900307860592516
10.777797943220056
10.890871613248923
10.677732503723155
10.701104929008567
10.698595172101841
10.782993917959462
10.806822575282478
10.84822564092965
10.720700211996853
10.851006494504556
10.903815546866982
11.068262763825262
10.809805826538618
10.744859413259158
10.643216051089297
10.659407264115597
10.941779884291185
10.84861494020324
10.736709682062354
11.01395211691524
10.795731736589344
10.968456761543974
10.819748948089789
10.842545189070231
10.795152763421813
10.783579444094995
10.858865841707916
11.026643435254876
10.75933176018683
10.683915250417963
10.899620392100646
10.651387054660697
11.013019674859414
10.670321006601972
10.822730222203672
10.859982677428306
10.634950381924376
10.76121991365271
10.751661784364234
10.819160736778384
10.927306881778371
10.763119856548274
10.797187523837337
10.763419310831006
10.756186180170076
10.922025609207875
10.921373156450294
10.934028356263186
10.7591282019396
10.79614235863443
10.718826650817553
10.703435835222626
10.845771869000423
10.81691465325363
10.882823175662274
10.78751234518374
10.826584231214609
10.784029280057986
10.959240636292554
10.704226578095506
10.823821393750743
10.986563489213479
10.796914736199076
10.778829964529063
10.784270919996336
10.739595388184455
10.893785661888783
10.854502354267444
10.824685257856515
10.934264275112994
11.020059736283507
10.939172320007232
10.852423354816073
10.897169618747956
10.778833878875954
10.764979777207374
10.83106653107873
10.77855176299419
10.854580777050323
10.900980978485775
10.920887421157794
10.804679690715343
10.68318158187671
10.965960579775816
10.80439923560772
10.792582491807359
10.759247337133502
10.827176274290741
10.806753666088733
10.924641761102816
10.733587212356289
10.754203556867202
10.905060609239122
10.780627386063488
10.780627073286167
10.829460689971322
10.932186404135825
10.847261970292255
10.836410774265467
10.854508197071684
10.937255885732602
10.78323912242739
10.943507591753262
10.640060503581271
10.718441570923702
10.774788143739213
10.811104556822245
10.899642365660036
10.745846778959343
10.876416847202076
10.890053232459154
10.949996090996379
10.8269167139589
10.88389812223691
10.891698360333395
10.66620069737785
10.930063239208925
10.734460145004219
10.89941867186622
10.57888871776498
10.75695081268965
10.715277689377166
10.996343072565848
10.969896890365337
10.851365696734138
10.84814158708207
10.803345039793204
10.972044169161821
10.848476897111794
10.762471565030081
10.829841991295716
10.84490567163702
10.819445277242592
10.944734004735075
10.72968129771392
10.910520693088902
10.683156983457609
10.99835415691256
10.800030544685063
10.679541582998759
10.721327070170759
10.764872506750287
10.854521554864238
10.859459525674255
10.778188117888606
10.873761943354486
10.86950590534858
10.919839269582893
10.870308858400993
10.863864057134425
10.790747489249627
10.915482012065507
10.78783337781331
11.019235043940716
10.87527227908604
10.92915949615353
10.820741455112762
10.793316437356753
10.779559254795059
10.793934600843142
10.957191799709422
10.892162514193243
10.868751780452095
10.953681692037396
10.598651027619495
10.922330086938238
10.665869677227697
10.858477541466987
10.7618341492751
10.834712294185685
10.762116796077315
10.888061321549067
10.722411652102956
10.780344458028386
10.79302132535407
10.896413329033532
10.810591088488428
10.685585546139249
10.804179231703277
10.711348378588358
10.719635574249523
10.952034833467684
10.673391058081565
10.659068600022279
10.541476111541607
10.587351826672833
10.899622987548934
10.80952698933676
10.774350608617661
10.898698806228087
10.924561016147452
10.826052529981009
10.916366347199963
10.634534375077589
10.720013922168857
10.686739506285818
10.844015734021195
10.81749132353816
10.824521773674906
10.75929298362857
10.630651339099378
10.738568313579567
10.664537014390861
10.778728237607302
10.874245504827332
10.674269769193119
10.786651139236376
11.181015800062053
10.758775067092646
10.63725129017624
10.807524332066166
10.786917463209049
10.695441390682634
10.804286997889355
10.714236428780263
10.615338897201674
10.84601939578864
10.782707594624762
10.7835521489229
10.957550051828035
10.756540417199178
10.888495233929946
10.761064014817517
11.013842847296015
10.776438467718975
10.71299883353905
10.923347134659036
10.646269108418709
10.88371992480955
10.831227067250964
10.696666263858875
10.870451477070958
11.02847301433661
10.846009175637136
10.83941817604169
10.793286774719526
10.822518253520746
10.81716566966355
10.936175443133092
10.822903996740322
10.95420639184647
10.778129370608948
10.559030121210672
10.626495498517423
10.982515668676314
10.840285855966375
10.814954775085832
10.821416721854284
10.96552365406949
10.738739885099802
10.811469989753993
10.751091166294435
10.806410428297118
10.861062223921264
11.013834363405582
11.013219119521303
10.87395772980631
10.812929944689971
10.837087570366473
10.912198829666174
10.789755581530585
10.839507072978007
10.826702342049213
10.780659445458095
10.64118935869555
10.78155060331312
10.608775426808494
10.905084237318102
10.825109041361015
10.771906904824554
10.789941447104493
10.783334424361904
10.998237082267853
10.720610657250301
11.00882429340446
10.997606781402704
10.951379807217704
11.06017761639617
11.031083622589934
10.87428659666027
10.84895988198137
10.887109684728312
10.86251582823526
10.762626504596508
10.877457214272422
10.761843271236302
10.746779953492748
10.715247836323456
10.749237071451372
10.946901827330192
10.966955315434214
10.731482440000596
10.777008288936049
10.819116068621947
10.878800804180841
10.708235079015767
10.97316598489398
10.785529850598977
10.858742794080378
10.985871534245355
10.85821620081474
10.830562414982797
10.77550057729734
10.997160397041595
10.673958329445407
10.731563083692402
10.862407317703884
10.840969538304522
10.817453165663315
10.932257109410697
10.746200507036681
10.686686158244889
10.882573441335154
10.830886675357608
10.788612099762398
11.008335728138327
10.945013954217128
10.728704655869882
10.769079289766458
11.054816086045312
10.885273969735545
10.896739162029231
10.82978158500398
10.809064331146994
10.87937065894492
10.809415607450736
10.995164061783278
10.83964097081539
10.868098685933134
10.826903184348252
10.94033809990002
10.856058512306545
11.040368460887624
11.0130730729465
10.797575499613934
10.734016846712356
10.78971642190008
10.68523949372513
10.969493520626715
10.76067815750527
10.901303830604238
10.880306863217402
10.903420831288372
10.82455644007884
10.617650703804216
10.817256673604104
10.691886727861453
10.848050322798972
10.931127700886735
10.653990837493264
10.761061759449854
10.698910963080387
10.667742750405369
10.876383387236604
10.78808396589369
10.99447978830517
10.79208409663686
10.881595439299755
10.73069458697233
10.740999162647078
10.58370219177316
10.81768397826834
10.812323348040346
10.662044729064078
10.541757719101266
10.563182010727106
10.800282070468038
10.695796312536892
10.708279031983224
10.665463201971278
10.739398458888505
10.697076195377042
10.66154248173433
10.69681088351087
10.998147434700268
10.704514520830962
10.911621099209608
10.829061461247344
10.776987912785875
10.79097622204301
10.815850598493114
11.049237600236395
10.908058421396202
10.770534519627736
10.78382906062574
10.926017715368625
10.7813744170995
10.805633771194668
10.783703655823821
10.914802708291385
10.673618794249577
11.035604936403509
10.825424034642404
10.769525105874193
10.749399145922997
10.909763688873532
10.62042729737107
10.750258711779594
10.822420527442436
10.981025946094103
10.852433883495568
10.765801558992328
10.887454467936363
10.89073177334727
10.607696905909267
10.733099494216566
10.901255453027845
10.737629956841406
10.751333409375324
10.984161529620673
10.644946860793818
10.873504071173695
10.899159715983888
10.769786148390383
10.942731664904098
10.76938204355197
11.044374773648007
11.103167224084824
10.662893608404064
10.534736571220218
10.72179534847149
10.899438096954013
10.773362532635428
10.794709810437782
10.897153058998425
10.822512985165137
10.710036121026464
10.761422757102187
10.855446421122533
10.786253981838785
10.817766185060362
10.747515175305347
10.874627406146024
10.795752583721253
11.053198808860815
10.762519489581019
10.830270698363302
10.921951952811076
10.872965799650956
10.81150539843569
10.908241258995144
10.979975141000011
10.889703016293687
10.619328388688293
11.039895286469235
10.81019440162663
10.780123732124524
11.053483392607795
10.822175849863488
10.627907816552796
10.892262043320889
10.858223889849349
10.804184130805647
10.856519739840781
10.944377155536436
10.812572871823678
11.032990941546611
10.916205254985423
11.008764430895706
10.912748626582452
10.839905561012662
10.789405820247033
10.835182016115295
11.01832087478278
10.859804217484161
10.99295815460443
10.805489615637683
10.872743308488088
11.013773860454858
10.676798474542068
10.749286867649266
10.737199211248264
10.772922024660366
10.982147892511948
10.926251212971163
10.84845647081265
10.782847708318009
10.842879896970201
10.768545910869276
10.937036617496942
10.955452253094888
10.809568477077558
10.819479133555795
10.662562380308218
10.43242377119729
10.966116334072266
10.776395228353358
10.39820330509232
10.866509222241614
10.881342665904823
10.730741216787932
10.787627057537991
10.633248910729206
11.141238729547435
10.906065799258748
10.677494461702944
10.78344455933371
10.866477671595886
11.061445288937083
10.755001423469086
10.978520429337378
10.764005140286262
10.91586078917706
10.763068008751857
10.709878400948854
10.742370797115054
10.688407187014585
10.454535933521136
10.730809450347419
10.67440220329956
10.948653526627293
10.920502910227494
10.710922117034908
10.609277687417944
10.61424481735992
10.869623363172025
10.870919788013364
10.789694043463884
10.632507792452465
10.948667701007734
10.814680574596457
10.65153102457111
10.491794389505756
10.571166192784952
10.899351219976774
10.67395417083094
10.556531628831797
10.67294761322442
10.867375288327286
10.731631834767342
10.780919138936651
10.820227180630468
10.976693115107635
10.902669763329547
10.97187115317712
10.688304871379504
10.819677258202272
10.850629252833711
10.801074485179345
11.082528461043596
10.74868497544259
10.83173315357595
10.99179579154506
10.777772044323308
10.948087726562926
10.853856879246967
10.74440461712881
10.74416661253171
10.964689916651094
10.967458882509419
10.873373882237086
10.619172546606737
10.677334690978862
10.830228260977417
10.717921797696112
10.92546767769864
10.66178856714024
10.72615063747234
10.853227857537558
10.981602196507266
10.803826819812123
10.67625454214922
10.76434367215203
10.819398781671612
10.755405941669627
10.842869998935102
10.918017477880719
10.722306566240205
10.93183375420829
10.660990139472833
10.989809777345641
10.897173583915293
10.784820157963496
10.577909027204317
10.768675624080904
10.913430086472331
10.924263142809098
10.729530340770928
10.988697969345196
10.879356626606604
10.73060264807717
10.742062946673197
10.91116806408201
10.55147511155684
10.940256683248197
10.921994126572468
11.050107156464001
10.939354087345563
10.910182793070573
10.674564744543158
10.921035660342474
10.709126012586273
10.831880820403036
10.700055748171646
11.04724394406871
10.999983081321998
10.897217208824227
10.95897846740127
10.672081467105128
10.635674386378136
10.660480701882177
10.675066302436996
10.78942145476968
11.09331223513217
11.053167116000314
10.738115579554462
10.770111790167723
10.676000797794655
10.890541592356541
10.694254117174317
10.609920252074431
10.675844983234258
10.722175276786238
10.742636210850176
10.742111715580432
10.746638426854874
10.870339380044406
10.796469307538347
10.81360137121383
10.607931698641607
10.976855020360246
11.038881298648358
10.671511913953784
10.7468685572422
10.877017289891139
11.06648353816312
10.910879103722872
10.626858645330445
10.74258428008393
10.959991325598624
10.69087940732924
10.763940884848713
10.97283863355944
10.844830317212855
10.548663533078683
10.820891555457985
10.922875982970663
10.658748447874391
10.549275021805391
10.841843923781628
10.707420922802157
10.7970941837065
11.014780079149885
10.88754681026488
10.822758589626018
10.862305508798565
10.66306825049118
10.845681203139234
10.629221112026952
10.687606756531256
10.808822001043925
10.79198603406933
10.955216327465896
10.571618011766638
10.943374268387595
10.960575144992367
10.500200997446463
10.760609149549488
10.826477424078776
10.78107100317143
11.000154909970833
10.945722907283264
10.845647321740124
10.583056513991554
10.704439941487779
10.914118528281174
10.761762851159867
10.747963246326165
10.743341167401255
10.620192952996437
10.966646163400691
10.662340918175506
10.955855836578843
10.458135664930735
10.864637581954234
10.925956846664237
10.957333809121762
10.902016937269671
10.590753947906052
10.753386409464841
10.592606034362595
11.18624540249159
10.609246488942656
10.946751806060586
10.742031781714152
10.679033674509222
10.819579782954024
10.547948132973037
10.650936206035913
10.865695912016841
10.867017122418288
10.888125356812443
10.892453325076776
10.875750219174263
10.812871846778894
10.749406455406362
10.737248031031527
10.743444392516324
10.761179175097753
10.681620427330918
10.816468681375635
10.918929642379174
10.720853765988467
10.812497973468437
10.664744019268866
11.013387376292023
10.640283785875114
10.67104613647474
10.63495838952669
10.823455320983442
10.758109607755557
10.669529729429948
10.77017116181661
10.811664054433377
10.804292309606604
10.583365071650352
11.03590029116557
10.826623620431095
10.80752554665914
10.843195181672815
10.984809946188138
10.942513635029389
10.706298023378887
10.583205050194271
10.625260925521397
10.884773142853192
10.830613631156833
10.679117808737653
11.116162591467639
10.661981112672539
10.616555620790717
10.632505952775983
10.822976599967516
10.732120901832756
10.88738708995801
10.66261594937777
10.833393243091901
10.744994086989852
10.89226487548596
10.620143306275615
10.789836113754182
10.434818277168532
10.717010304976748
10.753482345048962
10.561140305900228
10.68497184185604
10.72316609949628
10.808581179240308
10.999346002164696
10.830075533266438
10.800330876303756
10.825691499962987
10.62311912995537
10.990121000279778
10.984724542390431
10.75353109818838
10.841660362701921
10.857941806135903
10.693632389507535
10.764930389537538
10.611106966214315
10.652306154145277
10.874402040814575
10.73413343555084
10.818317663239412
10.764061424881689
10.792094522490842
10.874261732728842
10.73388741343871
10.941371377262932
10.64992896358838
10.9589557211777
10.843129335117176
10.580820286775776
10.566159001864152
10.765479943179496
10.784908178586665
10.458644732673722
10.763521293585594
10.95546957060973
10.892319037507947
10.636741061353423
10.56425972869165
11.097580158713487
10.995322794391436
10.97693726530254
10.060078627483907
10.78692723816463
10.760163706862931
10.930334019114818
10.81832105927763
11.04340732908639
10.622421412495623
11.133654544007083
10.50756957840068
10.668453857162648
10.826562613013925
10.777312130038016
10.217301328137777
10.913496702829232
10.765089216859854
10.574280604162997
10.637385507475289
10.882033340478735
10.7219918964047
10.801644073612758
10.511173241919941
10.846290904648438
10.46479130302035
10.550785737251891
10.748021174798776
10.714106125410597
10.578082746259467
10.819882152995495
10.797000716190226
10.266990075466357
10.58892867867361
11.137352135992355
10.632473854494819
10.82952715521901
10.76996398884273
10.553004722744694
10.633896621059186
10.686740391342536
10.640316335381188
10.714409711436272
10.66572373149
10.815619443476171
10.814821598227494
10.978612354081191
10.712797040548347
10.728927760335262
10.563898092164276
10.797057766801563
10.774997664945833
10.183537926541128
10.736425116714353
10.58730492013577
10.672713743231238
10.654864264511962
10.968732262108736
10.840102519210765
10.803553543936689
10.827405913355454
10.963190237662957
10.774373168110039
10.809807305244078
10.280866830622225
10.9302364523609
11.06354233887954
10.695780556262784
11.015638728161148
10.764145781790239
10.645524610402914
10.888502187241835
10.387727862469458
10.538941478164649
10.48341376409396
10.71872617147922
10.90033214675068
10.784087404742598
10.612313657090903
10.744973611862516
10.39961484373066
10.698349190108159
10.786627952044874
10.443671889818523
10.689903566343121
10.722169425161127
10.638081884027537
11.02518583214784
10.855059634088777
8.97497475633541
9.151066439343586
11.957623945305446
11.634050163757532
10.877530556281057
10.67839530434342
8.510097631293855
9.287324918949048
7.493886399853259
7.627516260386571
9.44328413467828
8.663117257790176
8.757345814535817
9.632353646634181
8.518839183941953
10.006138014438408
8.587177764422144
9.633597224714777
7.773507389840915
8.099534714461683
7.452794695744883
7.454644863623649
6.951124641779682
7.391990293758389
9.053628345284098
8.424514946186372
9.59740955269091
6.359808916270046
7.879310166276814
8.030654670416174
8.416404106867752
9.182597996430571
8.55767343145227
8.452134880767932
8.707503911377767
7.382992323819043
9.673932265355877
9.236585034275588
8.54969276578477
6.803211610159075
7.844655101724863
7.438322522529028
8.738523339987909
8.267565997851605
8.228134485766802
8.410864562665735
9.141865829153769
8.918412728335163
8.582410281111938
8.772798741568675
8.825447711734476
7.639662882982595
7.901961218781978
8.119497882991984
10.29376729339042
10.801382306489646
10.800370971049997
10.80639490789489
10.746778302926254
10.736187014349298
10.96742968087558
10.953472116123619
10.654861044356558
10.793595119706206
10.80270245060623
10.846695740492967
10.765517203773577
10.925079128002817
10.633428941888736
10.933985426909487
10.696548183844584
11.079526097267555
10.462900064589356
10.859691462950774
10.806853474669287
10.782900470809084
10.936011774788408
10.884880955536389
10.874523547464186
10.696664743353889
10.798586371544829
10.781658171259439
10.934624723825175
10.795322290413335
10.736440245520553
10.862902936385057
10.8535675624313
10.72050917174693
10.762955214598138
10.581449591566757
10.59035930983463
10.858090759868706
10.932911493209193
10.70624800742352
10.610060170531428
10.892711574465716
10.611505318525209
10.731640897665391
10.585737746526652
10.632483520032853
10.820820609750035
10.91654621138786
10.800585925510394
11.15280125621339
10.486776956128407
10.93875057080378
10.558450583894189
10.879486857598527
11.025128775463966
10.88051977376871
10.894295878041643
10.934014317710943
10.449221722563346
10.522484028572919
10.627553766017138
10.618044502513484
10.666842329039191
10.705519072234987
10.744759598804807
10.834451751157935
10.925808837861384
10.903985475509664
11.001751359758439
10.684480211802764
10.777904368076321
10.324057430951672
10.284237486563027
10.74983673831897
10.625908713438152
10.932647552510954
10.943447183513682
10.925883233854234
10.635863637090184
11.022939383700892
10.567108499863588
11.071239335795514
10.577911384903814
10.711792181565485
10.98939474654949
10.918160190785576
11.017108975934317
10.609419501755054
10.796432001706057
10.983223167266749
10.861528453734374
10.72450015593792
10.92771508596155
10.803031015929832
10.59358889086071
10.88479675344515
10.768118659441221
10.466620219409254
10.782895445468077
10.629178903313637
10.509359810226561
10.723325226741752
10.69630717327054
10.685215118025035
10.34245361342736
10.707673639909027
10.57709872023746
10.613826383845515
10.822222750154799
10.934911991019593
10.89334513825161
10.698104336472985
10.703048033872058
10.77305890330897
10.744211925756705
10.68080296067491
10.287541149759452
10.83357861207853
10.851313685187009
10.929994871758106
10.61160026611067
10.718861215002907
10.756358845781667
10.873919693358998
11.024972239267337
10.662352816068646
10.815970989979958
10.53710228421153
11.184163843323134
10.41419159159575
10.407599179477435
10.790409462217093
10.610697028770682
10.610508290269445
10.772048233246172
10.548517572264457
10.456942770472624
10.559537123688314
10.863061268361298
10.403033865179065
10.656334950210221
11.003499796358128
10.850832935621392
10.25930494948471
10.574686599989779
10.555075883066074
10.928332689342684
10.113704063479481
10.389400935729114
10.64112215596161
10.624234242106313
10.565776240292946
10.656606848168325
10.635342518299977
10.619787143751354
10.416881902720808
10.583068544473035
10.681803428905999
10.782253774365048
10.78170354812361
10.578389158882256
10.573132372443302
10.751161140308252
10.8863134240961
10.61840630608567
10.28462575193184
10.59209535497038
10.802375516821595
10.805806843362525
10.9969721948395
10.768038025842147
10.646320089268348
10.961755429984704
10.892676713433966
10.570675054468328
10.862113573434863
10.61162745047398
10.589544806203568
10.580323637571235
10.690914943840617
10.57296323561587
10.735232043600798
10.672006041084156
10.468457027061385
10.759241921568846
10.691074268527094
10.788538013372179
10.6140131178302
10.856402395528708
10.574772648173248
10.685491224438852
10.55513323899622
10.865605810448837
10.938696878076
10.985453371621581
10.606184936980174
10.554009179262936
10.686009125402625
10.452776733863242
10.528074170061997
10.990168181107116
10.503919953503248
10.64293967578344
10.721609987751776
10.473542734974743
10.527626439058212
10.397066379249353
10.718788522168609
10.852149026942607
10.847101303374474
11.062807228786617
10.903976602942624
10.82471112173047
10.516575423619107
10.500236156978024
10.62095475921533
10.918221567511852
10.779012938089283
10.296013576562158
10.362038108417426
10.741559055749315
10.575856526759456
11.01034836669872
10.764250125176499
10.436313701091201
10.66523768136213
10.7288736019494
10.847576258663262
10.829776374704998
10.730639679474482
10.85355934790982
10.638512863445087
10.899678555768464
10.572571826039047
10.639179170730179
10.30164048948872
10.558093759802627
10.721826553108803
10.486844449962527
10.777021333797062
10.859426685636059
10.550652542356158
10.564604378748275
10.624604232282762
10.493836715069039
10.805337326455193
10.815609722958165
10.838389028040128
10.709982128122666
10.858976555533213
10.820817300286881
10.800898062367782
10.694016036453624
10.92642565115554
11.131994202883696
10.657028152164184
11.134570509346478
10.704647180365852
10.91080362492222
10.938428138657375
10.75743902748706
10.680617451542995
10.543711872354223
10.7707838846462
10.745226905985925
10.590311549661292
10.925955547227732
10.549574267316773
10.807512361900233
10.908605877026893
10.763406592198363
10.692013035276638
10.597996472555508
10.974506323196126
10.908827008837894
10.980608019886484
10.905153434600258
10.74112532141243
10.446589738793154
10.718861452451105
10.903249781604899
10.572958695724573
10.935857879383136
10.804012025457657
10.82832296563536
10.707555862488492
10.337322540332833
10.835700325730945
10.860878384586604
10.381948089900773
10.92005719334381
10.653060452671603
10.81518771052952
10.901853600441916
10.651529287942294
10.912409194332364
10.393762823982248
10.757818076437145
10.454356704775087
10.787525431918523
10.816824541380644
10.462803172867185
10.682373851736298
10.451227179813637
10.373476919152575
10.790460502979714
10.682429430685593
10.786483758829817
10.658785420190403
10.486438306214716
10.722351520866278
10.857222779163704
10.929091751249942
10.761085693992191
10.722395215290394
10.988072439374008
10.658330380342955
10.600558165425337
11.041673893636814
10.883312539338892
10.714962353174233
10.83181322601644
10.843595105394991
10.996545980130538
10.589852802834288
10.797065319400861
10.640653590141827
10.699513548115362
10.482137719329877
10.4999263449388
10.689208922420635
10.82665203444787
10.381520459909549
10.958218139870478
10.418686733559035
10.50879407178894
10.567401371067993
10.649916562255065
10.756748906392996
10.437993642643972
10.858594601471701
10.51984701254347
10.866756203213388
11.007009497227425
10.777956618534363
10.591043430686806
10.352076043765168
11.110666355515614
10.832165939120866
10.708811087118423
10.807365208842866
10.843766822574993
10.758663921786638
11.108889185550424
10.819183402986141
10.783713932154647
10.988046118466578
11.210117029455336
10.882110068028874
10.885843563439106
10.716741445000137
10.930136485912593
10.815881904606687
10.778206798511142
10.540039734691499
10.918674211680282
11.05761900732725
10.937690506131403
10.492556971512942
10.635417126722839
10.676859377803423
10.540728657879916
10.809028080542843
10.806600441617373
10.582580756457867
10.87471585938368
10.998636970868294
10.513973635202422
10.278541746220421
10.947352390163257
10.755728423134533
10.747425968112207
10.898251136162942
10.822958972651701
10.766648722092798
11.091250258046536
10.718846582731407
10.744559682291381
10.853365899910097
10.73341953932195
10.654219433068992
10.524852825092712
10.86617508825889
10.847035071345811
10.808164587956561
10.884557762935044
10.379495342162974
10.5515698438081
10.954128058881475
10.656405562614612
10.664061345231973
10.770035370528484
10.537535982358307
10.688172702130537
10.830915784911392
10.804145909506046
10.598897469643262
10.505810592757456
10.711630487485008
10.598948047604944
10.741807114175923
10.656754380006877
10.57263895691364
10.825936336751202
10.749589993801253
11.019529554145658
10.73310255111889
10.489715682959961
10.699949768814358
10.492411032796186
10.531683444759683
10.598086893426338
10.759318470217586
10.8520164203953
10.799720351505176
10.761735594874033
10.446389912438205
10.842669636739055
10.475687297313318
10.796035469816555
10.661456609608994
10.754293820298185
10.822853479111272
10.683323275503513
10.7548007880625
10.751696445577073
10.92397369182817
10.751490378932589
11.037360210497773
10.7356508816304
10.803423665074531
10.771219898636565
10.602038451062407
10.487745604241805
10.206813228360135
10.844447028458243
10.362794097477973
10.991567854189146
10.739857512985626
10.54964815246112
10.772273015879772
10.53504495730989
10.691898610830128
10.744770467904726
10.678924085043105
10.811503580729225
10.88909548167607
10.666672879352802
11.055662119798827
10.822301105358635
10.86354222736146
10.90231252902243
10.733520756884024
10.738350398438481
10.498583330528678
11.16231378221829
10.67008551668883
10.687154925052077
10.772390150231756
10.859808739382812
10.812666156243619
10.834937913573752
10.669104500770796
11.028007859078343
10.88488383978656
10.953289922826023
10.888165542140296
10.650112955963081
10.769949906144518
10.245468379113664
10.821971965075305
10.692608748615443
10.939854004136155
10.660840431345562
10.97140611463602
10.864556865282252
10.663806266116666
10.867021110946276
10.748270059946652
10.85082187175395
10.887486507968921
10.589380743170592
10.82490106471864
10.500800956265573
10.673286514445149
10.828452332217715
10.398922404860716
10.525522814293208
10.829779704477795
10.872941470136386
10.827538789809944
11.058380674641125
10.596661475569356
10.799522858975116
10.857970571526174
10.535785606461639
10.751576088343288
10.581494245884086
10.985255081519071
10.884579124951365
10.973492710242496
10.710902481607768
10.795093676155062
10.715566482687377
10.817009492655098
10.534190076358582
10.549535177053146
10.851452448340398
11.030489111819305
10.764129418796385
10.86114992211778
10.880948308036842
10.479639015686226
10.80445220003464
10.452451604109399
10.529560038340879
10.866148272795675
10.68590806681742
10.741334476921544
10.701193447519099
10.555082141478735
10.5816781494098
10.87934598243783
10.78813706531554
11.04007590211914
10.921071817953147
10.45764067315063
10.913708836540632
10.948247571120925
10.51964130257305
10.572175155479808
10.514860755563735
10.940577922359859
10.532329608343451
10.627858850839853
10.502154168127115
10.767689735508796
10.925878520340767
10.753670596078555
10.915732881028372
11.086754903009997
10.635835343651243
10.669494222898305
10.759552828814986
10.734266720422516
10.776303714942246
10.697038452859648
10.784272490529252
10.768469237220495
10.729702480187406
10.92724502378729
10.517311437602304
10.607757758401386
10.683040492988713
10.715981461857751
10.609188355088113
10.543103893724265
10.407222044007447
10.793712218519383
10.989457088833777
10.648354965480227
10.672361527145588
10.871129836794415
10.980042512565035
10.814193212049311
10.904146381330346
10.86936377971926
10.71736262858521
10.671966218616806
10.769587674668182
10.623384021603705
10.785518934193837
10.809659486882861
10.602449237588134
10.55588026487975
10.277066899963508
10.542628801085087
10.736577331950706
10.877122020643974
10.844443536142508
10.68362312177264
10.940791545165224
11.1153369759328
10.710438629224425
10.635598565130207
11.016771697631956
10.883426548179434
10.467275289946414
10.745343336202705
10.712183328433758
10.712144198520695
10.695926226564776
10.231241611812143
10.600517286464877
10.462330056223575
10.81696797024736
11.058840166406569
10.676372499724733
10.412821970951878
10.666542665368247
10.891653686492376
10.942454707756646
10.755968260377655
10.87127737716566
11.082341170708757
11.248988271583153
10.629980195956847
10.562638315022395
10.523246559901162
10.720814410982804
10.784400050298583
10.736614507322532
10.486586809292842
10.740736490476804
10.312991005027992
10.717294796466462
10.648543858927193
10.55007180763121
10.84064275779429
10.951139436286779
10.662877481437814
10.528016141192554
10.706499778218415
10.82365362422702
10.673711177402245
10.637585771896978
10.712179862182289
10.695782509700257
11.17470274075307
10.456145575810625
10.802371319189202
10.78994045394848
10.726015670192348
10.878846595084106
10.698081088617416
10.695447741060391
10.658344979877322
10.66198501643408
10.614985284042302
10.721133558806835
10.806778673700137
10.822096825740038
10.67497766267386
10.560556122267853
10.695272645861344
11.046525999681323
10.794528021988143
10.579026832030532
10.895312953941405
10.681997976431116
10.491969302263277
10.52370799487467
10.676679986980561
10.901427150246196
10.564554088503078
10.2497411751307
10.771624368701394
10.737698636411542
10.724846300029341
10.502337169886797
10.756393330163402
10.91943358572905
10.765728382411956
10.708061606631016
10.753870132235669
10.837248551813802
10.735639443123734
10.716175063555733
10.741695091656277
10.84433423605799
10.722732927212418
10.790479954450877
10.546287855326065
10.696109616687679
10.40651113202682
10.983938098223474
10.520616154929762
10.649272050443907
10.841998462761403
10.9225991198538
10.624439923480539
10.539282272542398
10.841015464002536
10.717133154356489
10.924578045639748
10.791373977883733
10.372525087558198
10.673797262697084
10.958725422076052
11.049111459544626
10.560416329272545
10.809834235302352
10.609228656537223
10.779288906955784
10.695257589621708
10.547575667315648
10.804104850210525
10.850544531075734
10.778432929608877
10.677785593784636
10.746534192780477
10.68927145072076
10.850802864314478
10.808657170503949
10.978070426973723
10.642696692538266
10.904661385580464
10.6638183192567
10.656456167191886
10.79404744607234
11.019117323979323
10.779775607557365
10.935065618403089
10.716612762496565
10.885759222969616
10.436340489201758
10.870433947328372
10.59419708475027
10.650519433122481
10.694816706224781
10.795202929698714
10.659969927829577
10.798608219553966
10.770441141817011
10.651559474480516
10.547283916377681
10.816744732386315
10.604348835033251
10.820712439563147
10.878903734764764
10.404467099467352
10.786783247427877
10.845238655551158
10.519714405472605
10.807096272385396
10.741865102394739
10.642362594134912
10.88679327061341
10.871291272945092
10.543128694245608
10.699208976338957
10.846246874364562
10.936789509440631
10.848518347935808
10.603251666694426
10.606852011017503
10.841602990675312
10.871054123193282
10.760275833130603
10.696982184387855
10.410595431402877
10.580323940536687
10.666926828187451
10.886017339519405
10.790698683293616
10.760005144789375
10.862979520317754
10.737776527126192
10.4929103415944
10.66855211730923
10.493676311865176
10.679202560298616
10.605070300166195
10.890119106071689
10.853936916716341
10.466447544580015
10.550567907890878
10.661061332305165
10.739870695834945
10.732666449887164
10.751019565481673
10.820343229678873
10.78465613676811
10.557524588427292
10.678157823784186
10.516407795406986
10.932969876199646
10.562689676373738
10.657612749208017
10.88412382753467
10.459726539320537
10.789492040264014
10.534756512003398
10.568340562812603
10.935274961358424
11.012527583231245
11.035037523949306
11.026544526217911
10.647740339666472
10.709023532472594
10.721173894000186
10.441453211891044
10.823449213367999
10.753161453748307
10.86617919018872
10.815584251218977
10.706055201657394
10.870410620501188
10.737602916111937
10.775992410457405
10.843110859824952
10.776561604180232
10.798263668617192
10.594101478483656
10.944819033705757
10.65521411054129
10.87671793763526
10.682392243315778
10.654454849112668
10.4762553752461
10.338339276916289
10.609226622077697
10.565180560653781
10.968796740068969
10.67719604493033
10.828263997705413
10.53152598085345
10.7572013087484
10.937646869325093
10.653828272733415
10.695264210457552
10.808395279210714
10.423733653837083
10.499811977889047
10.813534287734853
10.5098142499662
10.679759470856537
11.015048830738058
10.743512462066358
10.752257451465326
10.711202393366987
10.850047054570856
10.701257597405784
10.560263091084893
10.717261818950199
10.63087104970303
10.662562924219873
10.763295612395368
10.677539232321973
10.745278074925224
10.8044886704904
10.898244040459442
10.74561801169371
10.745100340091179
10.688610600209742
10.73219089907006
10.716850794559859
10.906434189914636
10.9000600184834
10.822540153313142
10.431972008909465
10.554947601412104
10.689400103865252
11.019772723098825
10.679381379547275
10.622902415696313
11.003150609191128
10.908807565004258
10.871684376351913
10.77688826109083
10.741436962267677
10.84678181341745
10.773339089512103
10.664884024904929
10.81039294033157
10.8513813380005
10.446833278343933
10.711546037386485
10.664428500405931
10.949251425316865
10.768433636605266
10.95972356900753
10.968615051009449
10.68561093952835
10.725067933111138
10.617991384741906
10.526575160992488
10.657720006502625
10.628448603658855
10.881910445268488
10.368414187817855
10.853409838494166
10.710364632141463
10.985453116113773
10.634429425073929
10.754817991023415
10.87978710766129
10.779400234862617
10.60943279669798
10.613527847346395
11.022147130459091
10.780867770595906
10.748849477186067
10.647988971736554
10.505474772408986
10.88640403657473
10.637986342128281
10.676689217590432
10.88993330066807
10.315426165890255
10.74916295149774
10.503955116705527
10.370339365465682
10.8400539773998
10.388737303598184
10.857549977384036
10.687152926655616
10.673854165125128
10.91013964410166
10.471435868809134
10.770479078671457
10.57612529495879
10.501514505911045
10.443474764742339
10.799281074438579
10.666207642093466
10.678437243317072
10.839613298785716
10.46733740445002
10.601398132464293
10.799662179095598
10.637650012149933
10.54594383251167
10.726308254777326
10.824519220594064
10.86338490037734
10.736726159336747
10.594159853525193
10.597790526198311
10.570760596080529
10.930812028981325
10.895792171573472
10.852505805959224
10.569068401493388
10.930711961942603
10.142691335527983
10.771407488774235
10.59062186159088
10.688203085275564
10.94313219573575
10.539130076884017
10.546883599960362
10.779470268951732
10.4340806004561
10.82734507781052
10.504287009128067
10.803332141672175
10.853204602216042
10.70269426956905
10.658577565719323
10.77057882009055
10.585583750923501
10.641080857345464
10.722753558042728
11.042397209065694
10.686180364280354
10.845193937568057
10.875110384802905
10.674517160975194
10.73829665333737
10.821668747565282
10.666053894872658
10.696829772662811
10.86694136311814
10.82123963092646
10.8029651292937
10.343981655550557
10.47959848317826
10.494581090740782
10.973872117305689
10.773053075051731
10.760342905260496
10.69997535576003
10.640111039097766
10.7636650359044
10.908733917279907
10.690887663867533
10.727580129274813
10.79840338226854
10.781117112978835
10.705802864156087
10.909643056548475
10.742537250469457
10.561528854589989
11.026756069758168
10.759039977556451
10.775460027526565
10.485046961557032
10.41800449433205
10.485734857172329
10.918996697461122
10.803664118074655
10.803290308846647
10.549492292212925
10.53999265802334
10.726802762364679
10.736893893382755
10.922725337030764
10.762657375668175
10.568417427399527
10.87271140811313
10.941932109879808
10.808424993467407
10.198191368702807
10.857075321841592
10.734032367186328
10.656122846125445
10.354415738251712
10.809283685708168
10.649402706002721
11.022576506291061
11.02232296828761
10.746795637627896
10.872304848802807
10.69213197506881
10.57726504567524
10.72700388811135
10.758344178291784
10.845247960183734
10.82692912894857
10.794455056793085
10.763118368294178
10.85208172224283
10.655202049401263
10.701483300504414
10.567991215741403
10.468780894417739
10.619211993699187
10.788527388256222
10.782821429670012
10.718518296942937
10.693432417733796
10.607307588738037
10.691865565884296
10.69806672432963
10.761357689926966
10.86709890197703
10.918681180609068
10.47385412812169
10.903573811563986
10.632210220589483
10.868917105586883
10.505266386069929
10.500031071834021
10.937542110462864
10.46192956974072
10.899380542624243
10.720086373832439
10.472288760185622
10.965784406913203
10.720481971514308
10.574144980808349
10.515130811262173
10.733591849060632
10.374783962386736
10.79041907017153
10.986605788766797
10.56165515399745
10.815921284174419
10.816248826449037
10.635314021488632
10.872953282964835
10.76873330684211
10.827858013801105
10.623428046316882
10.718462197357377
10.541040044417183
10.927286870752862
10.922242695889976
10.635031321196317
10.811549587777437
10.875650485010837
11.106144422271962
10.348146683404051
10.693277447105281
10.743478840627727
10.832644926850282
10.88752204819294
10.68673545382457
10.751870854254541
10.662155677634782
11.071933656538716
10.265010956638768
10.861950710318826
10.751123580061769
10.936969093195847
11.293428002084632
10.665936057653509
10.376466573576732
10.46443959342565
10.666286285477392
10.856031538009315
10.837384414337205
10.39694861704037
10.855098910629101
10.681185352493207
10.669801871191297
10.826666994321494
10.223306542730246
10.60255071685274
10.788446090924767
10.822264408371412
10.443020299239453
10.714018525443107
10.67599377455851
10.238209773223886
10.698910322782762
10.89644284408686
10.80172278703502
10.9841518079571
10.482626626566343
10.755904118084835
10.94676439719478
10.667138000797863
10.358522231351989
10.868489925457638
10.17308495916184
10.8371524583517
10.899878302352903
10.759279532810629
10.745433628908073
10.880765937490603
10.677117540623405
10.693090393632607
10.901742522757907
10.628165709026927
10.750667323990802
10.669205912692382
10.796388527819804
11.011837802430932
11.067851496935052
10.835182845688221
10.695479352469066
10.88611409378199
10.625485691680328
10.198866687804014
10.691795259766172
10.823164688763175
10.768256998766951
10.94280065237593
10.651095043931493
10.505174299917815
10.554884759981942
10.78992415801477
10.70764207479424
10.610101805708313
10.643099231656826
10.763603696004537
10.876473157693894
10.513188856410984
10.842234133342187
10.699848038653096
10.537166521561064
10.5662437547488
10.856173376453372
10.776420044269358
10.647761792508284
10.58044434577248
10.582278484623313
10.899374617811759
11.066148459740127
10.633567528011968
10.557007762843082
10.630642981637054
10.890542150909198
10.438204339972886
10.92824143331007
10.68777853643513
10.763960867754461
10.314411699041882
10.791688991926733
10.699723782120657
10.773769454770576
10.666786878156996
10.825389579909489
10.651217380663885
10.705603778723198
10.559448684243854
10.389494373920787
10.615902633701113
10.608499310846543
10.833596568981115
10.876935261375957
10.831067717468272
10.59091411503119
10.752018330464532
10.474495324989878
10.447211292508738
10.721347264372149
10.738300912052983
10.613961128074235
10.73888496936224
10.751807122074698
10.726113660991684
10.716881780035068
10.63293715291596
10.680519686188584
10.604392195870503
10.81533832418012
10.645156413297034
10.493387742913457
10.782673296151568
10.744489960843824
11.065961339786117
10.826915702621227
10.751918151528681
10.705167559838385
10.811321858173567
11.068775548479287
10.57868596110179
10.840684488132904
10.65197564323666
10.755952516701406
10.917141760449613
10.575964820700959
10.695883242833315
10.620393440940266
10.869809996609439
10.730510647426685
10.999419184673732
10.34661689988831
10.921255212983311
10.820570335392778
10.706640229808011
10.675357974815093
10.747969988396417
10.462522621480007
10.638126041808079
10.75086141420898
10.689357454586546
10.818651342848751
10.728373137168663
10.82146886244968
10.852707769259887
10.757929829759057
10.517066893536239
10.623580630122971
10.661155714320067
11.097405538027969
10.4167771774808
10.351981446858321
10.816559417532169
10.679367527702402
10.873731984397349
10.818846727045717
10.789765424408401
10.871643773484985
10.61645738761965
10.740688555430715
10.43739250886932
10.992062466376693
10.750133945949775
10.72785623955921
10.583839309855785
10.864773453856337
10.612644329179156
10.741382689494722
10.59107201904852
10.768959978361362
10.582131487325704
10.806412436638226
10.784482275149804
10.789291230770367
10.65366421435848
10.895703002433912
10.885506983531958
10.733869903427877
10.750030391027563
10.586507688520484
10.99719142654384
10.907137865703163
10.957867608912453
10.753988666294234
10.851176112383628
10.49833301805682
11.057460557050725
10.856374978237648
10.51996098066663
10.45677020574339
10.817335207605057
10.87283045264995
10.689790042876465
10.706100930947196
10.834852366174125
10.81842804000587
10.597649077597717
10.519058315327252
10.741719520084509
10.779527969056298
10.783910179031777
10.54305773642009
10.530327112399384
10.738403906467132
10.71990496358668
10.71365427462408
10.818757202372545
10.696660623007663
10.703657347404583
10.6269031206214
10.776074314173224
10.742507691405725
10.799870391536855
10.749197233498741
10.806316140972754
10.785931671149916
10.95530586506827
10.959410619005666
10.790805078684013
10.833076321508607
10.96625474107695
10.81624675181398
10.779802170052353
10.585206105577576
10.64083800120036
10.681983527538298
10.87128977820185
10.678061568845825
10.649487801674509
10.689811520153931
10.916370274536291
10.578359107139088
10.412248215349907
10.844262403891307
10.704723440219825
10.974514461444308
10.606120427936467
10.579197855544521
10.704912130379975
10.513010679354728
10.820359823948035
10.821006830348802
10.74795412218269
10.714105670701498
10.663233524678029
10.645925909974487
10.595466636620191
10.629112215205895
10.67840038331627
10.532893703140912
10.838933601895084
10.581520749228066
10.85666078252435
11.029554852699821
10.934540167499435
10.722954528029108
10.477168475847598
11.024718187941255
10.881974936679613
10.397906037297352
10.663566044955058
10.818948196757791
11.085266511094193
11.11262010979441
11.134347201953485
10.747712025793007
11.074851380504358
10.70312267988102
10.834815010198913
10.64044409161841
10.546197724259006
10.894895748697834
10.298771934348842
10.65265257603358
10.613867620382557
10.637736385297224
10.723679380435927
10.714801896978733
10.949212700375455
10.875613931434716
10.986451328021808
10.873701133880683
10.651411742952828
10.824478235949337
10.409432180110402
10.877090708027474
10.82811949220857
10.668764064565952
10.831465853212757
10.705641913711707
10.623944802746719
10.862004897470777
10.931472255860323
10.636719448849512
10.779101653524526
10.718540179284467
10.649956398986667
10.663689664957069
10.73371530692519
10.688255946012319
10.566383563274707
10.775751090958824
10.922103260661787
10.71887512525918
10.922982249421695
10.825634720721263
10.7333622863394
10.186452525210145
10.48938979860838
10.81873027405631
10.6550879961665
10.70404883625133
10.778666385504309
10.68903366577348
10.75125999496338
10.936977386830035
10.848357728703954
10.556285255259619
10.812375336179754
10.708957887722264
10.64345350004797
10.99638452991919
10.816504890972368
10.798093279130597
10.832264093441838
10.890551039085022
10.825353411604128
10.661283005871198
11.020789054889562
10.341568238432947
10.745460679341456
10.934510964139996
10.527612289256867
10.374726100257455
10.939026512368471
10.718898557398884
10.818066007692384
10.719006230902966
9.994531794389518
10.940198839246829
10.809854624125101
11.008617264722272
10.761727169406496
10.642925387595483
10.642772092497179
10.710343298818922
10.608197463226714
10.515255446621687
10.331387694792529
10.961430616870446
10.7561482424918
10.818548980849684
10.712695658092636
10.84946364231773
11.01761256350791
10.960579493754814
10.794520366989548
10.297658951771849
10.569311921068087
10.887328189978968
10.812022054531557
10.6004794202168
10.95310478320034
11.189100813446272
10.45411653990764
10.775593665360406
10.52172375202771
10.379335430308933
11.00501789893904
10.856629279381945
10.643154411380738
10.677940877167245
10.896287788038075
10.779359855036306
10.793620073052123
10.905140606039778
10.764691596003582
10.300951767476157
10.508658193929227
10.593494474138872
10.876044360687999
10.813307129400775
10.856005547671865
10.456069534151194
10.529477570311869
10.478266560760611
10.615988658439187
10.758089589521774
10.642489590733948
10.834844705091697
10.795631827173839
10.695030223900895
10.777065335072308
10.579405089958676
10.851111415052035
10.984264996303825
10.778053506533334
10.605889720182697
10.650524811523567
10.77699938124054
10.810075178546871
10.80679376875608
10.80240157244463
10.746135103485711
10.715056742308894
10.46477972630718
10.736899828096737
10.762748304071593
10.460403617613911
10.741257083893386
10.734346856475577
10.469898312780732
10.209410562942596
10.841795219736277
10.292662303350001
10.796485949337615
10.791612650611073
10.642168294274226
10.74717754233972
11.09763178372943
10.797025050512529
10.694598037005447
10.548339408917764
10.777937914470105
10.926562759630642
10.65794395904114
10.924019043161987
10.58410890501678
10.706289978697892
10.636445962578726
10.535885319406592
10.765144912066035
10.674022544267672
10.366349379950123
10.50918747451833
10.629550007633542
10.683539407233566
10.628271115560176
11.020465416127145
11.009610364547568
10.916000061238256
10.456368583990175
10.473706768964552
10.839671115824022
10.800197834701375
10.840809122877275
10.565918219534446
10.703102486673902
10.403666413239923
10.838356634268038
11.061525453744846
10.941540709863682
10.69774936465629
10.90977505809013
10.84537638721449
10.927339779549603
10.316908763440965
10.297161402269932
10.804697435730292
10.587849723712417
10.616751534186697
10.882444381228979
10.71378751397883
10.578276481689366
10.690250237432851
10.770166914790797
10.747260218391567
10.658132533494468
10.440889708389001
10.766946002411702
10.575262713133517
11.006703732953143
10.643681504674252
10.639049940862598
10.867707888058193
10.95849693646773
10.267025171688429
10.989815557809417
10.840077165785589
10.724437048562995
10.880126142430102
10.895371896352747
10.920273243623054
10.738056055393852
10.878966263215688
10.892572418223535
11.074025809988806
10.711164542382729
10.137707320641143
10.945480451125366
10.82483214160703
10.756956111448915
10.664180929893842
10.92359357949334
10.775394527721632
10.901067316584191
10.665396334768827
10.685298601855738
10.695998704154453
10.503857579085354
10.82608333154509
10.464800559224322
11.030776341077939
10.368788855534445
10.650510966783214
11.138217480984405
10.656083082706337
10.45477181407234
10.77813340231439
10.990408622460798
10.933620511016908
10.661221345224728
10.702669691777347
10.443119330404398
10.759530365881396
10.540684213840652
10.824874349188136
10.80410436813489
10.978832088630886
10.869130980596712
10.820111262779633
10.770695781646838
10.909015749861204
10.478582571555963
10.974500492841354
10.836063510278752
10.889530471013742
10.546416985035824
11.08767279930082
10.676593184830558
10.759676053636476
10.894352459535398
10.799491518128093
10.541578585106539
10.599100549097887
10.641176512991755
10.840013376265754
10.91774551693483
11.056763021158982
11.005668426786729
10.534262963009422
10.835196020830827
11.039949767348961
10.703215254447954
10.549035358720587
10.895708160992077
10.810694458898324
10.815959328598826
10.668466719161028
10.511237983434224
10.93732753811468
10.54432632183687
10.676528057573043
10.608949737029679
10.249603623183832
10.582858187621538
10.897284423429989
10.630176108912648
10.710219663392873
10.658751407055597
10.450627859979951
10.68634082007125
10.900675277602923
10.547305286556789
10.464564054333541
11.077909829389755
10.487627171544124
10.630741259104767
10.787967533876166
10.737623718581565
10.739251531141706
10.714950800805761
10.76084550201772
10.966574947240638
11.002199054803924
10.713600770621182
10.816403736882581
10.795442439751
10.853354457663524
10.498317532437822
10.828497874670047
10.557095616059947
10.39125467588379
10.766074688228429
10.83638855689138
10.827178662113159
10.893529181583382
10.572255292645702
10.35676392882249
10.730567030282803
10.796705301928496
10.771901955230293
10.477542078035475
10.56755770898143
11.011964002771153
10.699128146406954
10.77664168503594
10.898115295648394
10.747295926382066
11.019512632121772
10.010245094578956
10.844534666952287
10.888242563635124
10.847908312624817
10.960144504855197
11.020640995084312
10.72586467750569
10.880471690387301
10.475464102784597
10.837340563862165
10.802890078975219
10.715501916673025
10.798412314248022
10.486364986404004
10.752426142675326
10.627222525303695
10.733899950997388
10.145078627866296
10.899327925762273
10.7937846311513
10.861521460736471
10.78208593554632
10.938230735729183
10.962070212604424
10.579849080864825
10.953573415250437
10.749866832189058
10.96777150887913
10.633193058868628
10.798468040084991
10.755120967338131
10.7376676440145
10.899609882068999
10.877823815070688
10.585078252204896
10.856854533706839
11.01972887947695
10.639469823364639
10.457125061194477
11.0725419996846
10.457917339076882
10.85577340203011
10.679891658859177
11.074598305029202
10.673829943013128
10.67700295415477
10.980224584861896
10.902524009658677
10.7648026685786
10.752638988259466
10.879001595764253
10.781064164679037
10.599629526253693
10.707355245201398
10.758299157061561
11.011890623359918
10.628625267414945
10.454132740231373
10.862489666258877
10.785125093583908
10.674079238556235
10.939675842433052
10.736377362191332
10.597170133931524
10.896037345673989
10.673011237111874
10.760411756441464
10.611256859312626
10.370867040523787
10.114354376536486
11.088247198692871
10.664684709386806
10.61303473708976
10.88881674286036
10.772882280413045
10.764386383205231
10.452401953603344
10.662841232208702
10.261384795109313
10.772075655980338
10.404769830671038
10.827397637016972
10.809433664450731
10.741478833140283
10.74447074241663
10.554754884566664
10.447741400619437
10.701095159094425
10.886705206777977
10.876260095705822
10.649319843575814
10.896650183299268
10.644618940664293

