10.810112689159272
10.955356861351573
10.855398703456322
10.811935553547189
10.796010652955829
11.074497550398762
10.793580617857577
10.976190428473847
10.964184047839096
11.191839718083617
10.97379421144048
10.930440888143277
10.969136801417626
10.794872806866405
10.934547919246254
10.961775306909656
10.869604056372992
10.897174734340862
11.009645556617478
10.949055765378649
10.902155354707299
10.926209971132332
11.014520833877345
10.881684322411369
10.853757925946542
10.750533400393643
10.712994277579428
10.847307475656407
11.011401467581715
11.041675640610473
10.974189199133926
10.828200759887602
11.016631519929176
10.833052176689982
10.949989107090623
10.918090145041898
10.881228664177803
10.891782169909888
10.967383766656804
10.837581055041822
10.875100828854874
10.917192631041358
10.845210145312295
11.020509593305295
10.936885387302198
10.915010643530769
10.871822950731035
11.0241128145022
10.880077699940939
10.966035798446283
10.871022591282467
10.859630410114987
10.931650496395017
10.86562404875443
10.89199219952634
10.872171218328297
10.961717714608747
10.79011011441389
10.807898448858566
11.087493171770303
10.761266177507368
11.012916338125157
10.940401865829912
10.813825672603409
10.89223675478467
10.738555972428696
11.11044712775642
10.966000275276166
10.98043792886384
10.933635201411919
10.91669541536032
10.94576908122986
10.983658978575056
10.922167972886767
10.865505965980736
11.0502182099857
10.92101344978544
11.084491855438339
11.003989973367249
10.975459987946381
10.857203296303876
10.949622851184564
10.963619041808858
11.010605475986914
10.858733401421311
11.026201308735397
11.034175694395694
11.01102220154113
11.070601834393386
11.04468159600446
10.887837278612484
10.919669231216231
10.851072576033474
10.954424173662005
10.991079404047817
10.722260830860446
10.79311478878261
10.928971146416426
10.995553117092255
10.937713996255129
10.882589865264697
10.898371507677226
10.925468403502958
10.998180189934876
10.968017145475995
10.917856997885762
10.913717422843195
10.996389912134276
10.891398892507492
10.896032497665514
11.05986121406786
11.095997833102832
10.965304552885328
10.717162057912418
10.970186266683635
10.934533294271441
10.999887124921642
10.747232418098749
10.836620211878394
11.011863927800748
11.038174762090764
10.893614429024895
10.859327554488143
10.932503232301094
10.945085898414538
11.010206762797234
10.908036477984842
11.02718748863724
10.92974064502423
10.907672822510206
10.964431695589669
10.878075397411502
10.870245592545592
10.795763491205154
11.0536928786102
10.901344155353625
10.905365663022447
10.820227032581172
10.907783588829206
10.878430530499815
11.017283769669088
10.936301381390699
10.85957190802375
10.940408476644288
10.918323600405653
10.897008312564985
10.891341203464314
10.742741954712466
10.909193629558741
10.988751282310666
10.962431882560903
10.96869193423254
10.946450211755725
10.964719668085435
10.775588574835822
10.933526745739318
10.879967683267676
10.84124182550261
10.930472648429532
10.952351169340607
10.786511178233647
10.829210267317663
10.91352905946233
10.811351614767228
10.89585641875982
10.778386812625333
10.850576304001537
10.991285443095363
10.977876641102405
10.88721847978595
10.912579071452878
10.780049127413452
10.784697022578767
10.85765405844886
11.00124535888961
10.930240226952609
10.916520970651966
10.822181348508803
10.834362885354542
11.04045596067382
10.792192525223943
10.847076895389128
10.972981455535468
10.865215067103597
10.904958940160387
10.879112313216444
10.988084405227696
10.81583480009742
10.855505012713031
10.964901130794228
10.845232623981335
10.949383642845099
10.977493178595898
11.029226046866563
10.854920295592757
10.98837530533164
10.987322673316841
10.865776424213804
10.82420770604242
10.79849888938456
10.754245468650602
11.003515285434398
10.963218758379451
10.943306169848976
10.95873887198365
10.968483032934543
10.898802320067986
10.930587174479342
10.77234150296421
10.890515965210245
10.926126713867736
10.962549658449436
10.830877315389165
10.724498152147014
10.85860702244358
10.884121393650242
10.90441891220489
10.958009100884507
10.957488845204235
10.8016533351957
10.838676400290897
10.868448878030067
10.915367047311827
10.845147890317383
10.981704433319715
10.881347466746648
10.72505052498633
10.830458487862622
10.6921520138235
10.843521052188082
10.816181828523284
10.81271513696132
10.984288182389584
10.842281788551404
10.968332707453687
10.634731181671148
10.99935644821459
10.88654339830217
10.831413331958581
11.021204436320787
10.894774199164551
10.86662010981609
10.850446761237404
10.998612540372791
10.852560476092702
10.862953936805567
11.001289684045705
10.951156419832351
11.028198062523666
11.030017558102793
10.788437400927211
10.838070874710061
10.917833081852482
10.961207783412636
10.905130861749527
10.888910236271032
11.01611476994381
10.908170426709075
10.84595910076522
10.805095764700459
10.894599352186589
10.905514706570342
10.941488610091744
10.892748452719516
10.871151051654762
10.906363459454456
10.882206185867917
10.952283464664665
10.95151334493976
10.885786573213545
10.857682028268812
10.847515058543802
10.856819260394547
10.710112714674091
10.95398525163944
11.04604618459154
10.891921132573339
10.79004314189321
10.700006987510099
11.005068098218205
10.958334660206695
10.851896396114405
10.899009144020358
10.7241366242412
10.865361701811553
10.867795171691931
10.645935601414239
10.929332341545111
11.026908420321316
10.94155761204777
10.749935855390584
10.997978555663979
10.859278481078812
10.877602698240485
10.820247482880562
10.868797533785095
10.838521333526462
10.897085864528728
10.816317956302775
10.895165660725276
10.91475252411248
10.886867722650642
10.810406106617375
11.031674409653512
10.813686780382243
10.957348715728608
10.959474492820581
10.88338665609213
10.937463247943342
11.097241158707083
10.820398962927788
11.009812695708824
10.979612983279281
10.969103435741275
11.107359404980082
10.99725690007327
10.836370218731336
11.001047850403516
10.859565262886793
11.067332953582238
10.810879349209477
11.134100259427589
10.849402621273736
10.983416098235699
10.85535390555756
11.061856240617056
10.904933719100486
10.90064434830204
10.908630096144565
11.041673106638752
11.076451064845596
10.980625248053542
11.065784856807156
10.892540177145227
10.74520004532374
11.06197908043753
10.991829433939447
10.96071325111078
10.952574511134287
10.932950204089167
10.966460474359039
10.760148979838148
11.012393284853031
11.001455748012782
10.778789646714255
11.00616917527628
10.854922502528673
10.898944860218029
10.95534815970994
10.896903328977658
10.937938524715477
10.864044844932748
10.9528635670345
10.926193570545085
10.991277961846524
10.98323842177035
10.80530446852746
10.914002426402503
10.885085649641692
10.954309612127211
11.064804402853214
10.922765921538211
10.87397676896712
11.00233682339894
10.995921891701702
10.984807762620115
10.890407098749373
10.867540014936338
10.975518432881147
10.967932545203228
11.02557459022342
11.05847985495198
10.832877298656314
10.890090461986608
10.9832865290379
10.917748952735902
10.86138274860622
10.935226265042743
10.867904321298957
10.834374443821783
10.988392997285654
10.999743034065332
10.93727700693166
10.934059060980655
10.933378322003907
10.806803902697206
10.743123771974801
10.925311650809252
10.990388102241125
10.86009987521853
11.154201968771414
11.039442605984558
10.924774582544147
10.77617983942787
10.937382254406804
10.913010291272526
10.861310424937237
10.800372341763849
10.990464126706941
10.942613478250482
10.898359386362634
11.068686810002339
10.948045498222024
10.97868249511803
10.9275410512395
10.959185120488192
10.80404773425375
11.01470975367271
10.955946157986261
11.055047378131775
10.998953349129742
10.850853267440423
10.909324528999628
11.044453102674328
10.835645889554158
10.962971575383246
10.824149485930699
10.793197204363862
10.820549950195398
11.207622051027505
10.938754573678136
10.904172337224146
10.97527274585564
10.987105816433093
10.866453524699553
10.831798525748583
11.029031844380428
10.765676452868457
10.866072997952497
10.872702348776736
10.943717160631373
10.937855183185304
10.893211745433788
10.827277507648603
10.987264690668745
10.956040397392899
10.908330726378837
10.724257982333194
10.969302472855016
11.015634728327898
11.035108161717263
11.027590079435496
10.889256756568551
11.021561479855858
10.983951955033794
10.89710213340116
10.997622489144197
10.93417263944971
10.926171098593244
10.883476277283632
10.90012572245233
10.884686410151211
10.992115309683422
10.870809286669193
10.83563334788211
10.871947261269247
11.040878142306122
11.00996605916863
10.89038077746368
10.958818802740986
10.845927213890523
10.88390712991186
10.84837919209828
11.014553145545076
10.848266648955919
10.882645529404808
10.97333467485283
11.019125040541821
10.970912415129067

